0  0.056067
1  0.05264
2  0.052327
3  0.05239
4  0.05244
5  0.052482
6  0.05238
7  0.052394
8  0.052255
9  0.052626
10  0.052407
11  0.052595
12  0.052116
13  0.052941
14  0.052236
15  0.052534
16  0.052203
17  0.052637
18  0.052392
19  0.05245
20  0.052322
21  0.052635
22  0.052325
23  0.052359
24  0.052381
25  0.052635
26  0.052486
27  0.052449
28  0.052386
29  0.052615
30  0.052431
31  0.05235
32  0.052634
33  0.052715
34  0.052814
35  0.052024
36  0.052635
37  0.052405
38  0.052384
39  0.052511
40  0.052649
41  0.052459
42  0.052399
43  0.052358
44  0.052626
45  0.052472
46  0.0524
47  0.052482
48  0.052632
49  0.052708
50  0.052114
51  0.052575
52  0.052561
53  0.052438
54  0.052368
55  0.052572
56  0.052566
57  0.052407
58  0.052531
59  0.052584
60  0.052645
61  0.052426
62  0.052386
63  0.052324
64  0.0529
65  0.05225
66  0.052141
67  0.052105
68  0.052119
69  0.052052
70  0.052075
71  0.052116
72  0.052115
73  0.05222
74  0.052183
75  0.052036
76  0.052074
77  0.052078
78  0.052338
79  0.052357
80  0.052224
81  0.052186
82  0.05218
83  0.052221
84  0.052176
85  0.052146
86  0.052087
87  0.052083
88  0.051968
89  0.051955
90  0.052012
91  0.05208
92  0.052119
93  0.052135
94  0.052124
95  0.052199
96  0.052148
97  0.05211
98  0.052093
99  0.052122
100  0.052093
101  0.052152
102  0.052075
103  0.052122
104  0.052075
105  0.0521
106  0.052059
107  0.052157
108  0.052175
109  0.052049
110  0.052023
111  0.051942
112  0.052075
113  0.052106
114  0.052099
115  0.051969
116  0.052082
117  0.052103
118  0.052136
119  0.052057
120  0.052156
121  0.052272
122  0.051932
123  0.051931
124  0.052025
125  0.052142
126  0.052172
127  0.052046
128  0.052112
129  0.052169
130  0.052089
131  0.052153
132  0.052089
133  0.052054
134  0.05206
135  0.052027
136  0.05205
137  0.052065
138  0.052084
139  0.05208
140  0.052027
141  0.052072
142  0.051966
143  0.052127
144  0.052013
145  0.052015
146  0.051973
147  0.052744
148  0.05273
149  0.052152
150  0.052122
151  0.052176
152  0.052108
153  0.052044
154  0.052016
155  0.051948
156  0.052059
157  0.052146
158  0.052101
159  0.052172
160  0.052055
161  0.05208
162  0.052015
163  0.052086
164  0.05195
165  0.052045
166  0.05195
167  0.05211
168  0.052093
169  0.052029
170  0.052038
171  0.051979
172  0.051941
173  0.051944
174  0.051958
175  0.051876
176  0.051885
177  0.051982
178  0.051914
179  0.052256
180  0.052245
181  0.05214
182  0.052086
183  0.051883
184  0.051928
185  0.051981
186  0.052024
187  0.05195
188  0.051987
189  0.051958
190  0.052124
191  0.052067
192  0.052104
193  0.051967
194  0.05197
195  0.051903
196  0.051926
197  0.051838
198  0.05191
199  0.051947
200  0.051897
201  0.051886
202  0.052021
203  0.052069
204  0.052054
205  0.052053
206  0.051994
207  0.052045
208  0.052005
209  0.052086
210  0.051996
211  0.051974
212  0.051939
213  0.051995
214  0.051874
215  0.052041
216  0.051961
217  0.051931
218  0.052013
219  0.052077
220  0.051931
221  0.051953
222  0.052017
223  0.051936
224  0.051991
225  0.051937
226  0.05205
227  0.052011
228  0.051987
229  0.051968
230  0.051923
231  0.051983
232  0.052014
233  0.051897
234  0.051936
235  0.051847
236  0.051945
237  0.051872
238  0.052012
239  0.051953
240  0.05201
241  0.052011
242  0.051934
243  0.051904
244  0.05216
245  0.051815
246  0.051945
247  0.052059
248  0.052042
249  0.051994
250  0.052104
251  0.051982
252  0.051911
253  0.051892
254  0.051925
255  0.051866
256  0.05202
257  0.051929
258  0.051895
259  0.051946
260  0.054181
261  0.061406
262  0.053647
263  0.052002
264  0.051987
265  0.052048
266  0.052083
267  0.051993
268  0.051952
269  0.051984
270  0.052008
271  0.051946
272  0.051921
273  0.051936
274  0.05193
275  0.052009
276  0.051969
277  0.051979
278  0.05192
279  0.051964
280  0.051953
281  0.051961
282  0.051942
283  0.051966
284  0.051938
285  0.05198
286  0.051945
287  0.051971
288  0.051933
289  0.051967
290  0.051978
291  0.051995
292  0.051911
293  0.051967
294  0.052078
295  0.051988
296  0.052027
297  0.051939
298  0.052011
299  0.051959
300  0.051999
301  0.05205
302  0.051944
303  0.051904
304  0.052437
305  0.052025
306  0.051933
307  0.052046
308  0.052055
309  0.05209
310  0.052094
311  0.052109
312  0.052076
313  0.052085
314  0.052073
315  0.052042
316  0.051974
317  0.052077
318  0.05203
319  0.052002
320  0.052047
321  0.051959
322  0.052471
323  0.052067
324  0.052018
325  0.052098
326  0.052
327  0.052055
328  0.05207
329  0.052005
330  0.052005
331  0.05195
332  0.05196
333  0.051932
334  0.051938
335  0.051916
336  0.051942
337  0.051932
338  0.051882
339  0.051943
340  0.052024
341  0.051964
342  0.052147
343  0.052102
344  0.052139
345  0.052056
346  0.052182
347  0.052037
348  0.052159
349  0.052038
350  0.051898
351  0.051958
352  0.05192
353  0.052043
354  0.051929
355  0.05197
356  0.051947
357  0.051983
358  0.052909
359  0.052097
360  0.05202
361  0.052053
362  0.052066
363  0.051985
364  0.052163
365  0.052805
366  0.052042
367  0.052083
368  0.052016
369  0.052009
370  0.052079
371  0.051983
372  0.052076
373  0.051918
374  0.051949
375  0.051947
376  0.051937
377  0.051918
378  0.052012
379  0.052035
380  0.052072
381  0.052058
382  0.052013
383  0.052912
384  0.052111
385  0.052027
386  0.051968
387  0.052016
388  0.051993
389  0.052088
390  0.052039
391  0.052064
392  0.052094
393  0.052003
394  0.051968
395  0.05198
396  0.051969
397  0.051942
398  0.051981
399  0.052066
400  0.052079
401  0.052089
402  0.05203
403  0.052047
404  0.051974
405  0.05196
406  0.051932
407  0.052026
408  0.052001
409  0.052093
410  0.052964
411  0.052074
412  0.053014
413  0.053036
414  0.052247
415  0.052988
416  0.052052
417  0.052019
418  0.052051
419  0.052086
420  0.052126
421  0.052047
422  0.052018
423  0.052108
424  0.052399
425  0.053377
426  0.05218
427  0.051923
428  0.051955
429  0.051968
430  0.051983
431  0.051941
432  0.051989
433  0.052009
434  0.051915
435  0.051939
436  0.051891
437  0.051935
438  0.051987
439  0.052127
440  0.051983
441  0.051943
442  0.052117
443  0.052009
444  0.052099
445  0.052083
446  0.052066
447  0.052123
448  0.052058
449  0.051965
450  0.052046
451  0.051941
452  0.051983
453  0.051882
454  0.051983
455  0.051928
456  0.051928
457  0.0519
458  0.051901
459  0.051939
460  0.051988
461  0.052007
462  0.052026
463  0.052014
464  0.051977
465  0.052042
466  0.052356
467  0.052041
468  0.052044
469  0.052026
470  0.052008
471  0.05205
472  0.052025
473  0.051883
474  0.051885
475  0.051933
476  0.051925
477  0.051995
478  0.051929
479  0.052081
480  0.052086
481  0.052064
482  0.051931
483  0.0519
484  0.051936
485  0.051975
486  0.052013
487  0.051964
488  0.051926
489  0.051914
490  0.051897
491  0.051965
492  0.051924
493  0.052042
494  0.052054
495  0.052027
496  0.052029
497  0.051983
498  0.052053
499  0.052046
