0  0.024216
1  0.024013
2  0.024231
3  0.023607
4  0.024162
5  0.024124
6  0.024102
7  0.025665
8  0.023756
9  0.024246
10  0.024173
11  0.024181
12  0.024151
13  0.023486
14  0.024228
15  0.02347
16  0.023532
17  0.025154
18  0.023481
19  0.023468
20  0.023538
21  0.02346
22  0.023486
23  0.023474
24  0.023663
25  0.023566
26  0.023551
27  0.023547
28  0.025064
29  0.023432
30  0.023435
31  0.023411
32  0.023409
33  0.023563
34  0.023404
35  0.023418
36  0.023448
37  0.023519
38  0.023434
39  0.024862
40  0.023412
41  0.023444
42  0.023477
43  0.023431
44  0.023412
45  0.023448
46  0.023508
47  0.023509
48  0.023403
49  0.023444
50  0.025
51  0.023384
52  0.023423
53  0.023405
54  0.023402
55  0.023531
56  0.023458
57  0.023403
58  0.023454
59  0.025655
60  0.023387
61  0.023416
62  0.023426
63  0.023514
64  0.023478
65  0.023485
66  0.023431
67  0.023557
68  0.023459
69  0.023467
70  0.024914
71  0.02351
72  0.02354
73  0.023523
74  0.023455
75  0.023481
76  0.023605
77  0.023502
78  0.023505
79  0.023493
80  0.023617
81  0.024876
82  0.023395
83  0.023419
84  0.02341
85  0.023517
86  0.023423
87  0.023431
88  0.023454
89  0.023561
90  0.023436
91  0.023491
92  0.024926
93  0.02357
94  0.023455
95  0.023558
96  0.023462
97  0.023438
98  0.023531
99  0.02343
100  0.023438
101  0.025159
102  0.023584
103  0.023499
104  0.023442
105  0.023469
106  0.023563
107  0.023502
108  0.023493
109  0.023466
110  0.023507
111  0.023593
112  0.024954
113  0.02348
114  0.023486
115  0.023596
116  0.023511
117  0.023434
118  0.02345
119  0.023585
120  0.023526
121  0.023589
122  0.023514
123  0.024996
124  0.023658
125  0.023583
126  0.023542
127  0.023539
128  0.023579
129  0.02351
130  0.02352
131  0.023505
132  0.023542
133  0.023459
134  0.024963
135  0.023497
136  0.02346
137  0.023632
138  0.0235
139  0.02349
140  0.02352
141  0.023614
142  0.023545
143  0.023508
144  0.025296
145  0.023556
146  0.023494
147  0.02349
148  0.023461
149  0.023522
150  0.023559
151  0.023485
152  0.023525
153  0.023496
154  0.025041
155  0.023497
156  0.023508
157  0.023494
158  0.023628
159  0.023542
160  0.023496
161  0.023495
162  0.023475
163  0.023467
164  0.023446
165  0.024901
166  0.023516
167  0.023621
168  0.023463
169  0.02347
170  0.023502
171  0.02353
172  0.023486
173  0.023495
174  0.023475
175  0.023626
176  0.024948
177  0.02347
178  0.023499
179  0.02347
180  0.023628
181  0.02348
182  0.023493
183  0.023521
184  0.023568
185  0.023532
186  0.025227
187  0.023522
188  0.023587
189  0.023525
190  0.02348
191  0.023486
192  0.023496
193  0.023593
194  0.023466
195  0.023496
196  0.023486
197  0.024981
198  0.023412
199  0.023435
200  0.023406
201  0.023636
202  0.023471
203  0.023426
204  0.023437
205  0.023456
206  0.023603
207  0.023488
208  0.024928
209  0.023485
210  0.023558
211  0.023435
212  0.023458
213  0.023448
214  0.023585
215  0.02349
216  0.023483
217  0.023464
218  0.023502
219  0.024979
220  0.02343
221  0.023413
222  0.023459
223  0.023554
224  0.023469
225  0.02347
226  0.023518
227  0.023611
228  0.025177
229  0.023478
230  0.023454
231  0.023465
232  0.023595
233  0.023485
234  0.023499
235  0.023522
236  0.023537
237  0.023424
238  0.023443
239  0.024924
240  0.023584
241  0.023467
242  0.023437
243  0.023414
244  0.023449
245  0.023561
246  0.023454
247  0.023414
248  0.023451
249  0.023569
250  0.02489
251  0.023433
252  0.023445
253  0.023557
254  0.023451
255  0.023473
256  0.023444
257  0.023472
258  0.023636
259  0.023426
260  0.023423
261  0.024878
262  0.023493
263  0.023452
264  0.023496
265  0.023447
266  0.023523
267  0.023443
268  0.023446
269  0.023464
270  0.025199
271  0.023535
272  0.023472
273  0.023472
274  0.023449
275  0.023617
276  0.023483
277  0.023508
278  0.023497
279  0.023666
280  0.023515
281  0.025022
282  0.02349
283  0.023605
284  0.023528
285  0.023462
286  0.023527
287  0.023456
288  0.023612
289  0.023532
290  0.023482
291  0.023476
292  0.025068
293  0.023485
294  0.023453
295  0.023482
296  0.023594
297  0.023488
298  0.023618
299  0.023449
300  0.023462
301  0.023642
302  0.023489
303  0.024957
304  0.023463
305  0.023482
306  0.023451
307  0.023486
308  0.023463
309  0.023535
310  0.023496
311  0.023477
312  0.024671
313  0.023406
314  0.023566
315  0.02347
316  0.023446
317  0.023434
318  0.02352
319  0.023453
320  0.023466
321  0.023507
322  0.02354
323  0.023484
324  0.024938
325  0.023457
326  0.023475
327  0.023532
328  0.023457
329  0.02346
330  0.0235
331  0.02356
332  0.03112
333  0.024242
334  0.024806
335  0.024061
336  0.023756
337  0.023471
338  0.024036
339  0.024126
340  0.023749
341  0.023758
342  0.023511
343  0.024035
344  0.024223
345  0.02391
346  0.023765
347  0.023488
348  0.024039
349  0.02407
350  0.023778
351  0.023438
352  0.024111
353  0.024246
354  0.024074
355  0.023812
356  0.023524
357  0.024162
358  0.024568
359  0.023744
360  0.023728
361  0.023551
362  0.024546
363  0.024026
364  0.023709
365  0.024851
366  0.023503
367  0.024106
368  0.028078
369  0.02379
370  0.023499
371  0.023467
372  0.023495
373  0.023638
374  0.023496
375  0.023483
376  0.024906
377  0.02349
378  0.023624
379  0.023508
380  0.023521
381  0.02351
382  0.023631
383  0.023515
384  0.023491
385  0.023511
386  0.02362
387  0.024937
388  0.023486
389  0.023482
390  0.023519
391  0.023606
392  0.023459
393  0.023462
394  0.023508
395  0.023539
396  0.025211
397  0.023415
398  0.023435
399  0.02359
400  0.02342
401  0.023469
402  0.023468
403  0.023461
404  0.023629
405  0.023466
406  0.023494
407  0.024928
408  0.023869
409  0.023493
410  0.023494
411  0.023548
412  0.023675
413  0.023539
414  0.023462
415  0.02348
416  0.023634
417  0.02497
418  0.023462
419  0.023475
420  0.023495
421  0.023598
422  0.023521
423  0.023451
424  0.023487
425  0.023644
426  0.023458
427  0.023487
428  0.023439
429  0.024749
430  0.023478
431  0.023447
432  0.023488
433  0.023474
434  0.023475
435  0.023398
436  0.023459
437  0.023422
438  0.024756
439  0.02345
440  0.023439
441  0.023398
442  0.023594
443  0.023493
444  0.02348
445  0.02348
446  0.023535
447  0.023626
448  0.023556
449  0.025003
450  0.023548
451  0.023694
452  0.023501
453  0.023562
454  0.023504
455  0.023581
456  0.023516
457  0.023455
458  0.023476
459  0.023474
460  0.023759
461  0.023471
462  0.023474
463  0.023477
464  0.023588
465  0.023515
466  0.023447
467  0.023508
468  0.023567
469  0.023444
470  0.023461
471  0.024886
472  0.023444
473  0.023548
474  0.023412
475  0.023721
476  0.02346
477  0.023576
478  0.023476
479  0.023464
480  0.025182
481  0.02359
482  0.023467
483  0.023464
484  0.023487
485  0.023441
486  0.023564
487  0.023474
488  0.02346
489  0.023473
490  0.023588
491  0.024904
492  0.023424
493  0.023447
494  0.023506
495  0.023411
496  0.023446
497  0.023416
498  0.023465
499  0.023489

