0  0.039826
1  0.023964
2  0.023458
3  0.024031
4  0.024032
5  0.024057
6  0.024183
7  0.023443
8  0.024156
9  0.024025
10  0.023956
11  0.023546
12  0.023764
13  0.023994
14  0.023923
15  0.024042
16  0.023499
17  0.023967
18  0.024277
19  0.024381
20  0.024131
21  0.023367
22  0.023981
23  0.023984
24  0.024388
25  0.023456
26  0.024053
27  0.024081
28  0.023982
29  0.023972
30  0.023419
31  0.024024
32  0.024054
33  0.023941
34  0.023546
35  0.02385
36  0.024205
37  0.024157
38  0.024004
39  0.023436
40  0.023925
41  0.024034
42  0.024061
43  0.023955
44  0.023403
45  0.024056
46  0.024053
47  0.023999
48  0.023911
49  0.024009
50  0.024143
51  0.024029
52  0.023936
53  0.023442
54  0.023949
55  0.023986
56  0.023993
57  0.024196
58  0.023423
59  0.023983
60  0.024002
61  0.023987
62  0.023368
63  0.02398
64  0.024047
65  0.02407
66  0.023441
67  0.023418
68  0.023584
69  0.023424
70  0.02344
71  0.023418
72  0.023416
73  0.024579
74  0.023951
75  0.025256
76  0.023453
77  0.023431
78  0.023407
79  0.023461
80  0.023393
81  0.023396
82  0.0247
83  0.023407
84  0.02342
85  0.023439
86  0.02542
87  0.024157
88  0.023447
89  0.024483
90  0.023458
91  0.023464
92  0.023388
93  0.023455
94  0.023449
95  0.023465
96  0.023434
97  0.023407
98  0.023403
99  0.028564
100  0.023417
101  0.023433
102  0.023436
103  0.023392
104  0.023432
105  0.023421
106  0.023396
107  0.023406
108  0.023414
109  0.023409
110  0.023402
111  0.023425
112  0.023399
113  0.023477
114  0.023453
115  0.023415
116  0.023381
117  0.023434
118  0.023389
119  0.023386
120  0.02346
121  0.023518
122  0.023441
123  0.023415
124  0.023399
125  0.02339
126  0.023393
127  0.023424
128  0.023388
129  0.023401
130  0.023424
131  0.023417
132  0.023415
133  0.023405
134  0.023411
135  0.023404
136  0.02341
137  0.023378
138  0.023387
139  0.023433
140  0.023426
141  0.023369
142  0.023311
143  0.023409
144  0.023414
145  0.023386
146  0.023373
147  0.02338
148  0.023419
149  0.023389
150  0.023411
151  0.023405
152  0.023424
153  0.023409
154  0.023391
155  0.023419
156  0.023397
157  0.023388
158  0.023365
159  0.023405
160  0.023433
161  0.023373
162  0.023365
163  0.023385
164  0.02338
165  0.023413
166  0.023396
167  0.023388
168  0.0234
169  0.023406
170  0.023379
171  0.023356
172  0.023361
173  0.023425
174  0.023439
175  0.023405
176  0.023393
177  0.023452
178  0.023437
179  0.023407
180  0.023427
181  0.023421
182  0.023436
183  0.023395
184  0.023401
185  0.023404
186  0.02341
187  0.023461
188  0.023428
189  0.02332
190  0.023357
191  0.023401
192  0.023389
193  0.023364
194  0.023383
195  0.023406
196  0.023411
197  0.023365
198  0.023427
199  0.023426
200  0.023415
201  0.02341
202  0.023375
203  0.023467
204  0.023423
205  0.023414
206  0.023347
207  0.023395
208  0.023476
209  0.023403
210  0.023384
211  0.023345
212  0.023377
213  0.023382
214  0.023386
215  0.023368
216  0.023439
217  0.023394
218  0.023416
219  0.023414
220  0.023398
221  0.023458
222  0.023442
223  0.023417
224  0.023408
225  0.023446
226  0.023426
227  0.023415
228  0.023397
229  0.023407
230  0.023429
231  0.023547
232  0.023441
233  0.023399
234  0.023429
235  0.023393
236  0.023366
237  0.023431
238  0.023388
239  0.023349
240  0.023373
241  0.023387
242  0.02341
243  0.023438
244  0.023411
245  0.023414
246  0.023421
247  0.02344
248  0.023399
249  0.023412
250  0.023429
251  0.02341
252  0.023425
253  0.023371
254  0.023411
255  0.023424
256  0.023405
257  0.02341
258  0.023438
259  0.02343
260  0.02343
261  0.023437
262  0.023442
263  0.023397
264  0.023392
265  0.023388
266  0.023349
267  0.023392
268  0.02342
269  0.023428
270  0.023378
271  0.023377
272  0.023406
273  0.023355
274  0.023319
275  0.023353
276  0.023408
277  0.023406
278  0.023423
279  0.023404
280  0.023399
281  0.023406
282  0.023395
283  0.023381
284  0.023402
285  0.023405
286  0.023416
287  0.023355
288  0.023384
289  0.023402
290  0.023406
291  0.023408
292  0.023385
293  0.023388
294  0.023395
295  0.023444
296  0.023386
297  0.023445
298  0.023448
299  0.023444
300  0.023397
301  0.023406
302  0.023457
303  0.023411
304  0.023379
305  0.023405
306  0.023471
307  0.023435
308  0.02344
309  0.02427
310  0.023422
311  0.023474
312  0.023512
313  0.023412
314  0.023534
315  0.023478
316  0.023515
317  0.023436
318  0.023448
319  0.02344
320  0.023472
321  0.023443
322  0.02345
323  0.023459
324  0.023417
325  0.023397
326  0.023369
327  0.023419
328  0.023402
329  0.023359
330  0.023338
331  0.023361
332  0.025692
333  0.025624
334  0.025596
335  0.026588
336  0.0234
337  0.023379
338  0.023413
339  0.023418
340  0.02338
341  0.023381
342  0.023426
343  0.023451
344  0.0234
345  0.023398
346  0.023406
347  0.023424
348  0.023422
349  0.023375
350  0.023392
351  0.023408
352  0.023392
353  0.023369
354  0.02336
355  0.023401
356  0.02337
357  0.023377
358  0.023356
359  0.023359
360  0.023425
361  0.023381
362  0.023425
363  0.023428
364  0.023441
365  0.023424
366  0.023397
367  0.023398
368  0.023467
369  0.023442
370  0.023415
371  0.023363
372  0.023419
373  0.023379
374  0.023386
375  0.023374
376  0.023464
377  0.023389
378  0.023412
379  0.023361
380  0.023392
381  0.023469
382  0.023522
383  0.023433
384  0.023384
385  0.023353
386  0.023355
387  0.023339
388  0.023328
389  0.023361
390  0.023408
391  0.02358
392  0.024544
393  0.023419
394  0.023595
395  0.023395
396  0.023387
397  0.023388
398  0.023414
399  0.023401
400  0.02342
401  0.023439
402  0.02341
403  0.023402
404  0.023348
405  0.023363
406  0.023467
407  0.02347
408  0.023457
409  0.02348
410  0.023412
411  0.023481
412  0.023427
413  0.023416
414  0.023372
415  0.023402
416  0.02342
417  0.023423
418  0.023367
419  0.023444
420  0.023371
421  0.02341
422  0.023413
423  0.023379
424  0.023394
425  0.023412
426  0.023399
427  0.023392
428  0.023406
429  0.023418
430  0.023472
431  0.023412
432  0.025132
433  0.023513
434  0.023453
435  0.023472
436  0.023591
437  0.023465
438  0.023409
439  0.023457
440  0.023492
441  0.023509
442  0.023491
443  0.023391
444  0.023375
445  0.023395
446  0.023432
447  0.023432
448  0.023377
449  0.023424
450  0.023446
451  0.023477
452  0.023469
453  0.023451
454  0.023457
455  0.023452
456  0.023412
457  0.023448
458  0.023437
459  0.02347
460  0.023405
461  0.023404
462  0.023449
463  0.023448
464  0.023433
465  0.023436
466  0.02341
467  0.023428
468  0.023425
469  0.023443
470  0.023343
471  0.023404
472  0.023381
473  0.023459
474  0.023443
475  0.023422
476  0.023401
477  0.023422
478  0.023389
479  0.023408
480  0.02339
481  0.023411
482  0.023386
483  0.023371
484  0.023366
485  0.023385
486  0.023352
487  0.023378
488  0.023408
489  0.023417
490  0.023406
491  0.023368
492  0.0234
493  0.02337
494  0.02345
495  0.023372
496  0.023406
497  0.023398
498  0.023411
499  0.023388
