0  0.0002  0.0001
0.03  -6.21214e-05  9.96214e-05
0.0657866  -0.00010367  9.65636e-05
0.0657866  -0.00010367  9.65636e-05
0.0909997  -0.000159893  9.00783e-05
0.115862  -0.000149722  8.47275e-05
0.177161  -0.000102722  6.60252e-05
0.279311  -2.24712e-05  8.82444e-06
0.6256  0.000175814  -0.000169106
1.22412  0.000650361  -0.000644336
1.87457  0.00084111  -0.000840172
2.66113  0.000828704  -0.000828548
3.38441  0.000733752  -0.000733802
4.34448  0.000476986  -0.000477031
6.04578  6.24056e-05  -6.24164e-05
8.71951  -0.00033146  0.000331459
11.3228  -0.000360669  0.000360669
13.7395  -0.000229059  0.000229059
16.3315  -0.000119321  0.000119321
27.9641  4.66093e-05  -4.66093e-05
40.2643  0.000119032  -0.000119032
