0	0.0002	0.0001
0.01	9.61103e-06	0.000100889
0.0210658	-6.38759e-05	0.000100513
0.0344782	-8.97517e-05	9.94407e-05
0.0509422	-9.59201e-05	9.78932e-05
0.0720028	-9.55245e-05	9.58691e-05
0.100148	-9.3072e-05	9.32105e-05
0.138467	-8.9357e-05	8.97041e-05
0.171526	-8.64403e-05	8.6787e-05
0.208809	-8.2876e-05	8.36069e-05
0.238932	-8.07063e-05	8.11288e-05
0.271553	-7.81359e-05	7.85252e-05
0.307479	-7.51014e-05	7.57514e-05
0.343405	-7.19882e-05	7.30737e-05
0.370771	-7.07279e-05	7.11079e-05
0.401364	-6.87268e-05	6.89667e-05
0.438451	-6.59639e-05	6.64532e-05
0.47113	-6.38613e-05	6.43168e-05
0.506008	-6.14779e-05	6.21104e-05
0.540885	-5.91008e-05	5.99787e-05
0.571106	-5.76797e-05	5.81966e-05
0.602537	-5.60155e-05	5.63971e-05
0.637257	-5.39559e-05	5.44711e-05
0.673531	-5.16126e-05	5.25264e-05
0.702244	-5.06376e-05	5.10445e-05
0.733676	-4.91655e-05	4.9466e-05
0.770099	-4.71472e-05	4.76941e-05
0.802897	-4.56347e-05	4.61553e-05
0.836984	-4.398e-05	4.46073e-05
0.871072	-4.23553e-05	4.31108e-05
0.905159	-4.0754e-05	4.16643e-05
0.935679	-3.98482e-05	4.0415e-05
0.9662	-3.88492e-05	3.92022e-05
1.00045	-3.74434e-05	3.78813e-05
1.03738	-3.56335e-05	3.65032e-05
1.06607	-3.50902e-05	3.54756e-05
1.09782	-3.40657e-05	3.43677e-05
1.13458	-3.2542e-05	3.31244e-05
1.16752	-3.14818e-05	3.20509e-05
1.20046	-3.0456e-05	3.10123e-05
1.2334	-2.94636e-05	3.00073e-05
1.26634	-2.85035e-05	2.90349e-05
1.30044	-2.74181e-05	2.80601e-05
1.33455	-2.63421e-05	2.71177e-05
1.36865	-2.52696e-05	2.62066e-05
1.39886	-2.48793e-05	2.54303e-05
1.42908	-2.43516e-05	2.46756e-05
1.46358	-2.34172e-05	2.38377e-05
1.5011	-2.20312e-05	2.29545e-05
1.52879	-2.19911e-05	2.23332e-05
1.56034	-2.13825e-05	2.16405e-05
1.59802	-2.02547e-05	2.08367e-05
1.63018	-1.96858e-05	2.0178e-05
1.66396	-1.89464e-05	1.9507e-05
1.69774	-1.82198e-05	1.88581e-05
1.73151	-1.75037e-05	1.82307e-05
1.76529	-1.67961e-05	1.76239e-05
1.79907	-1.60944e-05	1.70372e-05
1.83284	-1.5396e-05	1.64697e-05
1.86198	-1.54851e-05	1.6002e-05
1.89235	-1.52126e-05	1.55253e-05
1.92726	-1.45542e-05	1.49912e-05
1.96498	-1.34403e-05	1.44307e-05
1.9919	-1.37325e-05	1.40538e-05
2.02313	-1.33937e-05	1.36225e-05
2.06136	-1.25436e-05	1.31081e-05
2.0934	-1.22282e-05	1.26956e-05
2.1274	-1.17154e-05	1.22701e-05
2.16141	-1.12004e-05	1.18586e-05
2.19541	-1.06795e-05	1.14607e-05
2.22942	-1.01488e-05	1.10758e-05
2.25982	-1.01824e-05	1.07475e-05
2.29023	-1.00833e-05	1.04277e-05
2.32452	-9.64464e-06	1.00751e-05
2.36163	-8.82246e-06	9.70342e-06
2.39006	-9.06349e-06	9.43628e-06
2.42177	-8.85239e-06	9.14246e-06
2.45878	-8.22321e-06	8.80719e-06
2.49148	-7.97892e-06	8.52412e-06
2.52417	-7.74115e-06	8.25014e-06
2.5583	-7.35443e-06	7.97206e-06
2.59243	-6.95358e-06	7.70304e-06
2.62655	-6.53328e-06	7.44272e-06
2.65705	-6.65878e-06	7.2224e-06
2.68754	-6.65817e-06	7.00748e-06
2.72184	-6.33353e-06	6.77024e-06
2.75884	-5.64191e-06	6.51969e-06
2.78738	-5.96185e-06	6.34099e-06
2.8191	-5.84857e-06	6.14377e-06
2.85598	-5.33655e-06	5.91828e-06
2.88883	-5.16876e-06	5.72711e-06
2.92167	-5.00621e-06	5.54212e-06
2.95451	-4.84873e-06	5.3631e-06
2.98873	-4.5468e-06	5.1813e-06
3.02295	-4.22262e-06	5.00529e-06
3.05717	-3.86935e-06	4.8348e-06
3.08699	-4.16972e-06	4.69691e-06
3.11789	-4.20278e-06	4.55557e-06
3.15257	-3.92624e-06	4.39896e-06
3.18943	-3.30815e-06	4.23502e-06
3.21757	-3.75083e-06	4.12285e-06
3.24901	-3.72089e-06	3.9961e-06
3.28609	-3.28716e-06	3.84766e-06
3.31917	-3.15984e-06	3.72225e-06
3.35226	-3.03659e-06	3.60091e-06
3.38534	-2.91728e-06	3.48352e-06
3.41842	-2.80178e-06	3.36995e-06
3.45151	-2.68997e-06	3.26008e-06
3.48459	-2.58173e-06	3.15378e-06
3.51768	-2.47694e-06	3.05094e-06
3.55076	-2.37549e-06	2.95144e-06
3.58384	-2.27728e-06	2.85518e-06
3.61693	-2.18218e-06	2.76206e-06
3.65001	-2.09011e-06	2.67196e-06
3.6831	-2.00097e-06	2.5848e-06
3.71618	-1.91465e-06	2.50047e-06
3.74927	-1.83107e-06	2.41888e-06
3.78235	-1.75014e-06	2.33995e-06
3.81543	-1.67177e-06	2.26359e-06
3.84852	-1.59587e-06	2.18971e-06
3.8816	-1.52238e-06	2.11824e-06
3.91469	-1.4512e-06	2.04909e-06
3.94777	-1.38226e-06	1.98219e-06
3.98085	-1.3155e-06	1.91746e-06
4.01394	-1.25083e-06	1.85484e-06
4.04702	-1.18819e-06	1.79426e-06
4.08011	-1.12752e-06	1.73565e-06
4.11319	-1.06874e-06	1.67895e-06
4.14628	-1.01181e-06	1.62409e-06
4.17936	-9.56647e-07	1.57101e-06
4.21244	-9.03207e-07	1.51967e-06
4.24553	-8.5143e-07	1.46999e-06
4.27861	-8.01262e-07	1.42193e-06
4.3117	-7.5265e-07	1.37543e-06
4.34478	-7.05544e-07	1.33044e-06
4.37786	-6.59893e-07	1.28692e-06
4.41095	-6.15651e-07	1.24481e-06
4.44403	-5.72771e-07	1.20407e-06
4.47712	-5.31208e-07	1.16466e-06
4.5102	-4.9092e-07	1.12653e-06
4.54329	-4.51865e-07	1.08964e-06
4.57637	-4.14002e-07	1.05394e-06
4.60945	-3.77293e-07	1.01941e-06
4.64254	-3.41699e-07	9.86005e-07
4.67562	-3.07184e-07	9.53684e-07
4.70871	-2.73713e-07	9.22413e-07
4.74179	-2.41251e-07	8.9216e-07
4.77487	-2.09765e-07	8.6289e-07
4.80796	-1.79223e-07	8.34572e-07
4.84104	-1.49595e-07	8.07175e-07
4.87413	-1.2085e-07	7.80668e-07
4.90721	-9.29586e-08	7.55023e-07
4.9403	-6.58935e-08	7.30212e-07
4.97338	-3.96275e-08	7.06208e-07
5.00646	-1.4134e-08	6.82984e-07
5.03955	1.06122e-08	6.60515e-07
5.07263	3.46358e-08	6.38776e-07
5.10572	5.79605e-08	6.17744e-07
5.1388	8.06094e-08	5.97395e-07
5.17189	1.02605e-07	5.77708e-07
5.20497	1.23968e-07	5.58661e-07
5.23805	1.44721e-07	5.40232e-07
5.27114	1.64882e-07	5.22403e-07
5.30422	1.84472e-07	5.05153e-07
5.33731	2.03509e-07	4.88463e-07
5.37039	2.22012e-07	4.72316e-07
5.40347	2.39999e-07	4.56693e-07
5.43656	2.57486e-07	4.41578e-07
5.46964	2.7449e-07	4.26954e-07
5.50273	2.91027e-07	4.12805e-07
5.53581	3.07112e-07	3.99116e-07
5.5689	3.22761e-07	3.85871e-07
5.60198	3.37989e-07	3.73056e-07
5.63506	3.52808e-07	3.60658e-07
5.66815	3.67233e-07	3.48662e-07
5.70123	3.81276e-07	3.37056e-07
5.73432	3.94952e-07	3.25826e-07
5.7674	4.0827e-07	3.14961e-07
5.80048	4.21245e-07	3.04449e-07
5.83357	4.33887e-07	2.94277e-07
5.86665	4.46207e-07	2.84436e-07
5.89974	4.58216e-07	2.74915e-07
5.93282	4.69925e-07	2.65702e-07
5.96591	4.81343e-07	2.56788e-07
5.99899	4.9248e-07	2.48164e-07
6.03207	5.03347e-07	2.39819e-07
6.06516	5.13951e-07	2.31744e-07
6.09824	5.24302e-07	2.23932e-07
6.13133	5.34409e-07	2.16373e-07
6.16441	5.44279e-07	2.09059e-07
6.19749	5.5392e-07	2.01982e-07
6.23058	5.63341e-07	1.95134e-07
6.26366	5.72549e-07	1.88509e-07
6.29675	5.81551e-07	1.82098e-07
6.32983	5.90354e-07	1.75895e-07
6.36292	5.98965e-07	1.69892e-07
6.396	6.07391e-07	1.64084e-07
6.42908	6.15637e-07	1.58464e-07
6.46217	6.23711e-07	1.53026e-07
6.49525	6.31617e-07	1.47764e-07
6.52834	6.39362e-07	1.42673e-07
6.56142	6.46951e-07	1.37746e-07
6.5945	6.5439e-07	1.32978e-07
6.62759	6.61684e-07	1.28365e-07
6.66067	6.68838e-07	1.23901e-07
6.69376	6.75857e-07	1.19581e-07
6.72684	6.82745e-07	1.154e-07
6.75993	6.89508e-07	1.11355e-07
6.79301	6.96149e-07	1.0744e-07
6.82609	7.02673e-07	1.03652e-07
6.85918	7.09084e-07	9.99863e-08
6.89226	7.15386e-07	9.64387e-08
6.92535	7.21583e-07	9.30055e-08
6.95843	7.27679e-07	8.96831e-08
6.99152	7.33677e-07	8.64677e-08
7.0246	7.39581e-07	8.3356e-08
7.05768	7.45394e-07	8.03446e-08
7.09077	7.5112e-07	7.74301e-08
7.12385	7.56761e-07	7.46095e-08
7.15694	7.62321e-07	7.18796e-08
7.19002	7.67803e-07	6.92375e-08
7.2231	7.7321e-07	6.66804e-08
7.25619	7.78545e-07	6.42054e-08
7.28927	7.83809e-07	6.181e-08
7.32236	7.89007e-07	5.94915e-08
7.35544	7.94139e-07	5.72474e-08
7.38853	7.9921e-07	5.50752e-08
7.42161	8.04221e-07	5.29727e-08
7.45469	8.09174e-07	5.09376e-08
7.48778	8.14073e-07	4.89676e-08
7.52086	8.18918e-07	4.70607e-08
7.55395	8.23712e-07	4.52148e-08
7.58703	8.28457e-07	4.34278e-08
7.62011	8.33155e-07	4.1698e-08
7.6532	8.37808e-07	4.00233e-08
7.68628	8.42418e-07	3.84021e-08
7.71937	8.46986e-07	3.68326e-08
7.75245	8.51515e-07	3.5313e-08
7.78554	8.56005e-07	3.38418e-08
7.81862	8.60459e-07	3.24174e-08
7.8517	8.64878e-07	3.10382e-08
7.88479	8.69263e-07	2.97029e-08
7.91787	8.73617e-07	2.84098e-08
7.95096	8.7794e-07	2.71578e-08
7.98404	8.82234e-07	2.59453e-08
8.01712	8.865e-07	2.47712e-08
8.05021	8.90739e-07	2.36342e-08
8.08329	8.94953e-07	2.25331e-08
8.11638	8.99143e-07	2.14666e-08
8.14946	9.0331e-07	2.04338e-08
8.18255	9.07456e-07	1.94334e-08
8.21563	9.1158e-07	1.84644e-08
8.24871	9.15685e-07	1.75258e-08
8.2818	9.19771e-07	1.66166e-08
8.31488	9.2384e-07	1.57359e-08
8.34797	9.27892e-07	1.48826e-08
8.38105	9.31928e-07	1.4056e-08
8.41413	9.3595e-07	1.3255e-08
8.44722	9.39957e-07	1.2479e-08
8.4803	9.43952e-07	1.17271e-08
8.51339	9.47934e-07	1.09984e-08
8.54647	9.51905e-07	1.02923e-08
8.57956	9.55865e-07	9.60801e-09
8.61264	9.59815e-07	8.94477e-09
8.64572	9.63756e-07	8.30192e-09
8.67881	9.67689e-07	7.67879e-09
8.71189	9.71613e-07	7.07474e-09
8.74498	9.75531e-07	6.48914e-09
8.77806	9.79442e-07	5.92139e-09
8.81115	9.83347e-07	5.3709e-09
8.84423	9.87247e-07	4.83711e-09
8.87731	9.91142e-07	4.31947e-09
8.9104	9.95033e-07	3.81744e-09
8.94348	9.98921e-07	3.33052e-09
8.97657	1.0028e-06	2.85822e-09
9.00965	1.00669e-06	2.40004e-09
9.04273	1.01057e-06	1.95553e-09
9.07582	1.01445e-06	1.52424e-09
9.1089	1.01832e-06	1.10574e-09
9.14199	1.0222e-06	6.99592e-10
9.17507	1.02608e-06	3.05406e-10
9.20816	1.02995e-06	-7.72165e-11
9.24124	1.03383e-06	-4.48656e-10
9.27432	1.03771e-06	-8.09281e-10
9.30741	1.04159e-06	-1.15945e-09
9.34049	1.04547e-06	-1.4995e-09
9.37358	1.04936e-06	-1.82977e-09
9.40666	1.05324e-06	-2.15059e-09
9.43974	1.05713e-06	-2.46226e-09
9.47283	1.06103e-06	-2.76509e-09
9.50591	1.06492e-06	-3.05936e-09
9.539	1.06882e-06	-3.34537e-09
9.57208	1.07273e-06	-3.62338e-09
9.60184	5.76607e-07	1.12955e-09
9.6316	3.08596e-07	3.60745e-09
9.66586	3.852e-07	2.616e-09
9.70371	9.02083e-07	-2.79306e-09
9.73141	3.31062e-07	2.747e-09
9.76312	2.56241e-07	3.30615e-09
9.80096	6.0118e-07	-3.61154e-10
9.83265	4.6537e-07	8.20653e-10
9.8663	5.18128e-07	1.11953e-10
9.90134	7.42992e-07	-2.31896e-09
9.93638	1.06428e-06	-5.70787e-09
9.96465	4.34008e-07	4.57359e-10
9.99524	2.7247e-07	1.92818e-09
10.0313	4.73042e-07	-2.42548e-10
10.0651	5.39128e-07	-1.05244e-09
10.1	7.55962e-07	-3.36968e-09
10.135	1.05918e-06	-6.54563e-09
10.1634	4.44222e-07	-5.09409e-10
10.194	2.79741e-07	1.01686e-09
10.2299	4.72041e-07	-1.04084e-09
10.2639	5.54734e-07	-1.99057e-09
10.2978	6.51752e-07	-3.07945e-09
10.3318	7.65584e-07	-4.33251e-09
10.3657	8.99147e-07	-5.77905e-09
10.3996	1.05587e-06	-7.45346e-09
10.4289	5.15856e-07	-2.14281e-09
10.4594	3.18623e-07	-2.61054e-10
10.4943	4.48138e-07	-1.65664e-09
10.5319	9.95709e-07	-7.23651e-09
10.5589	3.27522e-07	-6.27198e-10
10.5901	2.32151e-07	2.45092e-10
10.6282	5.64428e-07	-3.17361e-09
10.6594	3.96453e-07	-1.56969e-09
10.6936	4.88004e-07	-2.56572e-09
10.7297	8.44987e-07	-6.21765e-09
10.7594	4.47535e-07	-2.30837e-09
10.7912	3.54458e-07	-1.44546e-09
10.8269	5.70447e-07	-3.67897e-09
10.8626	9.17172e-07	-7.21725e-09
10.8918	4.45531e-07	-2.55709e-09
10.9232	3.2521e-07	-1.41251e-09
10.959	5.34244e-07	-3.56758e-09
10.9925	5.80359e-07	-4.08723e-09
11.026	6.3043e-07	-4.64451e-09
11.0596	6.84796e-07	-5.24288e-09
11.0931	7.43827e-07	-5.88609e-09
11.1266	8.07924e-07	-6.57822e-09
11.1601	8.77521e-07	-7.32367e-09
11.1936	9.53092e-07	-8.12722e-09
11.2271	1.03515e-06	-8.99408e-09
11.2569	5.62977e-07	-4.31219e-09
11.2867	3.05931e-07	-1.78042e-09
11.3212	3.96022e-07	-2.72468e-09
11.3592	9.44202e-07	-8.25255e-09
11.3864	3.21906e-07	-2.06153e-09
11.418	2.4222e-07	-1.30061e-09
11.4562	5.9691e-07	-4.88955e-09
11.4877	4.51391e-07	-3.46789e-09
11.5215	5.13344e-07	-4.12216e-09
11.5568	7.68656e-07	-6.71036e-09
11.5881	5.55378e-07	-4.60767e-09
11.6194	4.01218e-07	-3.09524e-09
11.6537	5.02747e-07	-4.14146e-09
11.6898	8.57674e-07	-7.72209e-09
11.7194	4.49055e-07	-3.66082e-09
11.7511	3.51119e-07	-2.70739e-09
11.7868	5.65316e-07	-4.87755e-09
11.8226	9.09844e-07	-8.35004e-09
11.8518	4.49374e-07	-3.76694e-09
11.8833	3.31062e-07	-2.6063e-09
11.919	5.38254e-07	-4.70297e-09
11.9562	1.11662e-06	-1.05115e-08
11.9825	3.2694e-07	-2.63163e-09
12.0132	2.08678e-07	-1.46827e-09
12.0514	5.19803e-07	-4.60274e-09
12.0828	3.80502e-07	-3.22812e-09
12.1176	5.16659e-07	-4.6094e-09
12.1539	9.29401e-07	-8.75671e-09
12.1825	4.03777e-07	-3.5156e-09
12.2139	2.96742e-07	-2.4614e-09
12.2505	5.52204e-07	-5.03418e-09
12.2831	5.14247e-07	-4.6703e-09
12.3172	6.21617e-07	-5.75983e-09
12.3514	7.51376e-07	-7.07273e-09
12.3855	9.08196e-07	-8.65571e-09
12.4161	5.76637e-07	-5.35298e-09
12.4467	3.66074e-07	-3.25981e-09
12.4809	4.48302e-07	-4.09557e-09
12.5176	8.62585e-07	-8.25237e-09
12.5466	4.04749e-07	-3.68469e-09
12.5784	3.20638e-07	-2.85493e-09
12.6149	5.87203e-07	-5.53317e-09
12.6513	1.07511e-06	-1.04244e-08
12.6785	3.62793e-07	-3.30995e-09
12.7093	2.35602e-07	-2.04767e-09
12.7467	5.13086e-07	-4.83386e-09
12.7789	4.33666e-07	-4.04905e-09
12.8136	5.83971e-07	-5.56191e-09
12.8483	7.86328e-07	-7.59496e-09
12.883	1.05876e-06	-1.03285e-08
12.9116	4.63183e-07	-4.37998e-09
12.9422	2.92458e-07	-2.68031e-09
12.9779	4.70822e-07	-4.47252e-09
13.0122	5.81656e-07	-5.58879e-09
13.0464	7.18563e-07	-6.96552e-09
13.0806	8.87678e-07	-8.66408e-09
13.1114	5.77812e-07	-5.57186e-09
13.1421	3.76091e-07	-3.5609e-09
13.1763	4.57589e-07	-4.3826e-09
13.2128	8.52426e-07	-8.3379e-09
13.2421	4.19837e-07	-4.01739e-09
13.2739	3.34618e-07	-3.17087e-09
13.3101	5.84843e-07	-5.67935e-09
13.3463	1.02207e-06	-1.00577e-08
13.3741	3.87108e-07	-3.71248e-09
13.4051	2.61097e-07	-2.4572e-09
13.442	5.20517e-07	-5.05699e-09
13.4746	4.75082e-07	-4.60738e-09
13.5091	6.20308e-07	-6.06451e-09
13.5437	8.0991e-07	-7.96524e-09
13.5782	1.05745e-06	-1.04452e-08
13.607	4.75487e-07	-4.62922e-09
13.6375	2.99352e-07	-2.87165e-09
13.6731	4.66718e-07	-4.54956e-09
13.7111	1.10961e-06	-1.09829e-08
13.7369	3.01332e-07	-2.90298e-09
13.7677	1.97085e-07	-1.86385e-09
13.8065	5.42436e-07	-5.32145e-09
13.8372	3.48125e-07	-3.38145e-09
13.8718	4.59173e-07	-4.49531e-09
13.9089	9.29591e-07	-9.203e-09
13.9369	3.68261e-07	-3.59227e-09
13.9684	2.75307e-07	-2.66553e-09
14.0056	5.74003e-07	-5.65569e-09
14.0385	5.4796e-07	-5.39799e-09
14.0713	5.23099e-07	-5.15201e-09
14.1054	6.36126e-07	-6.28493e-09
14.1395	7.7357e-07	-7.66193e-09
14.1737	9.40706e-07	-9.33577e-09
14.2039	5.56203e-07	-5.49287e-09
14.2342	3.28851e-07	-3.22141e-09
14.2687	4.26611e-07	-4.20128e-09
14.3062	9.30848e-07	-9.24603e-09
14.3339	3.47526e-07	-3.41452e-09
14.3654	2.62211e-07	-2.56326e-09
14.4031	5.87283e-07	-5.81615e-09
14.4353	5.012e-07	-4.95712e-09
14.4691	5.70601e-07	-5.65295e-09
14.5028	6.4961e-07	-6.44481e-09
14.5366	7.39559e-07	-7.34599e-09
14.5704	8.4196e-07	-8.37165e-09
14.6042	9.58538e-07	-9.53903e-09
14.6345	5.79687e-07	-5.7519e-09
14.6649	3.50566e-07	-3.46204e-09
14.6991	4.30436e-07	-4.2622e-09
14.7362	8.74935e-07	-8.70873e-09
14.7648	3.83241e-07	-3.79293e-09
14.7966	3.02355e-07	-2.9853e-09
14.8334	5.93872e-07	-5.90186e-09
14.8662	5.59602e-07	-5.56035e-09
14.8989	5.2731e-07	-5.23858e-09
14.9329	6.26309e-07	-6.22972e-09
14.9669	7.43892e-07	-7.40667e-09
15.0009	8.83548e-07	-8.80431e-09
15.035	1.04942e-06	-1.04641e-08
15.0642	5.17422e-07	-5.14496e-09
15.0948	3.2365e-07	-3.20812e-09
15.1297	4.54748e-07	-4.52007e-09
15.1672	9.98226e-07	-9.95586e-09
15.1943	3.32209e-07	-3.2964e-09
15.2255	2.35939e-07	-2.33448e-09
15.2636	5.65521e-07	-5.63124e-09
15.2948	4.01636e-07	-3.99312e-09
15.329	4.94425e-07	-4.9218e-09
15.3651	8.46683e-07	-8.44517e-09
15.3948	4.5339e-07	-4.51288e-09
15.4266	3.59214e-07	-3.57177e-09
15.4622	5.70951e-07	-5.68986e-09
15.4979	9.07489e-07	-9.05592e-09
15.5273	4.55875e-07	-4.54034e-09
15.5587	3.36437e-07	-3.34653e-09
15.5944	5.37749e-07	-5.36027e-09
15.6315	1.09849e-06	-1.09683e-08
15.658	3.33123e-07	-3.31507e-09
15.6887	2.15575e-07	-2.14008e-09
15.7268	5.23528e-07	-5.22019e-09
15.7583	3.90509e-07	-3.89047e-09
15.793	5.24396e-07	-5.22984e-09
15.8292	9.16061e-07	-9.147e-09
15.858	4.18511e-07	-4.17188e-09
15.8895	3.10486e-07	-3.09204e-09
15.9258	5.51896e-07	-5.5066e-09
15.9587	5.38489e-07	-5.37292e-09
15.9928	6.4674e-07	-6.45584e-09
16.0268	7.76752e-07	-7.75634e-09
16.0609	9.32899e-07	-9.31819e-09
16.0913	5.66591e-07	-5.65543e-09
16.1217	3.44115e-07	-3.43098e-09
16.156	4.34304e-07	-4.33322e-09
16.1932	8.99393e-07	-8.98447e-09
16.2215	3.70212e-07	-3.69292e-09
16.2532	2.85848e-07	-2.84957e-09
16.2903	5.88735e-07	-5.87877e-09
16.3229	5.40247e-07	-5.39416e-09
16.3555	4.95753e-07	-4.94948e-09
16.3898	6.17786e-07	-6.17009e-09
16.4241	7.69858e-07	-7.69106e-09
16.4583	9.59362e-07	-9.58636e-09
16.4883	5.35307e-07	-5.34603e-09
16.5193	3.63776e-07	-3.63093e-09
16.5539	4.82979e-07	-4.82319e-09
16.5906	9.24225e-07	-9.2359e-09
16.619	3.86463e-07	-3.85844e-09
16.6504	2.88164e-07	-2.87565e-09
16.6873	5.65697e-07	-5.6512e-09
16.7242	1.11052e-06	-1.10996e-08
16.7508	3.40433e-07	-3.39891e-09
16.7814	2.17112e-07	-2.16587e-09
16.8194	5.14316e-07	-5.1381e-09
16.8511	3.98864e-07	-3.98374e-09
16.8858	5.43861e-07	-5.43388e-09
16.9219	9.227e-07	-9.22243e-09
16.9508	4.26255e-07	-4.25811e-09
16.9822	3.12965e-07	-3.12535e-09
17.0183	5.44651e-07	-5.44236e-09
17.0515	5.49003e-07	-5.48602e-09
17.0846	5.53391e-07	-5.53003e-09
17.1177	5.57813e-07	-5.57438e-09
17.1508	5.62271e-07	-5.61908e-09
17.1839	5.66764e-07	-5.66413e-09
17.217	5.71293e-07	-5.70953e-09
17.2501	5.75859e-07	-5.7553e-09
17.2832	5.80461e-07	-5.80142e-09
17.3163	5.85099e-07	-5.84791e-09
17.3494	5.89775e-07	-5.89477e-09
17.3825	5.94488e-07	-5.942e-09
17.4157	5.99239e-07	-5.9896e-09
17.4488	6.04027e-07	-6.03758e-09
17.4819	6.08854e-07	-6.08594e-09
17.515	6.1372e-07	-6.13468e-09
17.5481	6.18624e-07	-6.1838e-09
17.5812	6.23568e-07	-6.23332e-09
17.6143	6.28551e-07	-6.28323e-09
17.6474	6.33574e-07	-6.33353e-09
17.6805	6.38637e-07	-6.38423e-09
17.7136	6.43741e-07	-6.43534e-09
17.7467	6.48885e-07	-6.48685e-09
17.7799	6.5407e-07	-6.53877e-09
17.813	6.59297e-07	-6.5911e-09
17.8461	6.64566e-07	-6.64384e-09
17.8792	6.69876e-07	-6.69701e-09
17.9123	6.75229e-07	-6.7506e-09
17.9454	6.80625e-07	-6.80461e-09
17.9785	6.86064e-07	-6.85906e-09
18.0116	6.91547e-07	-6.91393e-09
18.0447	6.97073e-07	-6.96925e-09
18.0778	7.02644e-07	-7.025e-09
18.1109	7.08258e-07	-7.08119e-09
18.1441	7.13918e-07	-7.13784e-09
18.1772	7.19623e-07	-7.19493e-09
18.2103	7.25374e-07	-7.25248e-09
18.2434	7.31171e-07	-7.31049e-09
18.2765	7.37014e-07	-7.36896e-09
18.3096	7.42903e-07	-7.42789e-09
18.3427	7.4884e-07	-7.4873e-09
18.3758	7.54824e-07	-7.54717e-09
18.4089	7.60856e-07	-7.60753e-09
18.442	7.66936e-07	-7.66836e-09
18.4751	7.73065e-07	-7.72968e-09
18.5082	7.79242e-07	-7.79149e-09
18.5414	7.85469e-07	-7.85379e-09
18.5745	7.91746e-07	-7.91659e-09
18.6076	7.98073e-07	-7.97989e-09
18.6407	8.04451e-07	-8.04369e-09
18.6738	8.10879e-07	-8.108e-09
18.7069	8.17359e-07	-8.17282e-09
18.74	8.23891e-07	-8.23817e-09
18.7731	8.30474e-07	-8.30403e-09
18.8062	8.37111e-07	-8.37042e-09
18.8393	8.438e-07	-8.43733e-09
18.8724	8.50543e-07	-8.50478e-09
18.9056	8.5734e-07	-8.57277e-09
18.9387	8.64191e-07	-8.6413e-09
18.9718	8.71097e-07	-8.71038e-09
19.0049	8.78058e-07	-8.78001e-09
19.038	8.85075e-07	-8.8502e-09
19.0711	8.92148e-07	-8.92094e-09
19.1042	8.99277e-07	-8.99225e-09
19.1373	9.06463e-07	-9.06413e-09
19.1704	9.13707e-07	-9.13659e-09
19.2035	9.21008e-07	-9.20962e-09
19.2366	9.28368e-07	-9.28323e-09
19.2698	9.35787e-07	-9.35743e-09
19.3029	9.43265e-07	-9.43223e-09
19.336	9.50803e-07	-9.50762e-09
19.3691	9.58401e-07	-9.58361e-09
19.4022	9.66059e-07	-9.66021e-09
19.4353	9.73779e-07	-9.73742e-09
19.4684	9.81561e-07	-9.81525e-09
19.5015	9.89405e-07	-9.8937e-09
19.5346	9.97311e-07	-9.97278e-09
19.5677	1.00528e-06	-1.00525e-08
19.6008	1.01331e-06	-1.01328e-08
19.634	1.02141e-06	-1.02138e-08
19.6671	1.02957e-06	-1.02954e-08
19.7002	1.0378e-06	-1.03777e-08
19.7333	1.04609e-06	-1.04607e-08
19.7664	1.05445e-06	-1.05443e-08
19.7995	1.06288e-06	-1.06285e-08
19.8326	1.07137e-06	-1.07135e-08
19.8657	1.07994e-06	-1.07991e-08
19.8955	5.81257e-07	-5.81234e-09
19.9252	3.12852e-07	-3.12829e-09
19.9595	3.90809e-07	-3.90787e-09
19.9974	9.14508e-07	-9.14487e-09
20.025	3.33503e-07	-3.33482e-09
20.0567	2.58095e-07	-2.58075e-09
20.0946	6.0631e-07	-6.06291e-09
20.1262	4.65075e-07	-4.65056e-09
20.1599	5.18625e-07	-5.18607e-09
20.195	7.52382e-07	-7.52364e-09
20.2301	1.0915e-06	-1.09148e-08
20.2582	4.27719e-07	-4.27703e-09
20.2887	2.65983e-07	-2.65967e-09
20.325	4.74624e-07	-4.74609e-09
20.3586	5.23832e-07	-5.23817e-09
20.3936	7.42295e-07	-7.42281e-09
20.4286	1.05187e-06	-1.05185e-08
20.457	4.47013e-07	-4.47e-09
20.4877	2.85965e-07	-2.85952e-09
20.5237	4.80391e-07	-4.80379e-09
20.5575	5.58355e-07	-5.58343e-09
20.5914	6.48972e-07	-6.4896e-09
20.6253	7.54295e-07	-7.54284e-09
20.6592	8.76711e-07	-8.767e-09
20.6931	1.01899e-06	-1.01898e-08
20.7228	5.39973e-07	-5.39963e-09
20.7534	3.45217e-07	-3.45207e-09
20.788	4.583e-07	-4.5829e-09
20.8251	9.36836e-07	-9.36827e-09
20.8531	3.63725e-07	-3.63716e-09
20.8846	2.70481e-07	-2.70473e-09
20.9219	5.73455e-07	-5.73447e-09
20.9546	5.40103e-07	-5.40094e-09
20.9874	5.0869e-07	-5.08682e-09
21.0216	6.31287e-07	-6.31279e-09
21.0559	7.8343e-07	-7.83423e-09
21.0901	9.72242e-07	-9.72235e-09
21.1199	5.31124e-07	-5.31117e-09
21.1509	3.56653e-07	-3.56646e-09
21.1856	4.79152e-07	-4.79145e-09
21.2224	9.38061e-07	-9.38054e-09
21.2505	3.75715e-07	-3.75709e-09
21.282	2.77416e-07	-2.7741e-09
21.319	5.65289e-07	-5.65283e-09
21.3521	5.68697e-07	-5.68692e-09
21.3852	5.72127e-07	-5.72122e-09
21.4183	5.75577e-07	-5.75572e-09
21.4514	5.79048e-07	-5.79043e-09
21.4845	5.82539e-07	-5.82535e-09
21.5176	5.86052e-07	-5.86048e-09
21.5507	5.89586e-07	-5.89582e-09
21.5838	5.93142e-07	-5.93137e-09
21.6169	5.96718e-07	-5.96714e-09
21.65	6.00317e-07	-6.00313e-09
21.6831	6.03937e-07	-6.03933e-09
21.7162	6.07579e-07	-6.07575e-09
21.7493	6.11242e-07	-6.11239e-09
21.7824	6.14928e-07	-6.14925e-09
21.8155	6.18636e-07	-6.18633e-09
21.8486	6.22367e-07	-6.22364e-09
21.8817	6.2612e-07	-6.26117e-09
21.9148	6.29896e-07	-6.29892e-09
21.9479	6.33694e-07	-6.33691e-09
21.981	6.37515e-07	-6.37512e-09
22.0141	6.4136e-07	-6.41357e-09
22.0472	6.45227e-07	-6.45224e-09
22.0803	6.49118e-07	-6.49115e-09
22.1134	6.53032e-07	-6.5303e-09
22.1465	6.5697e-07	-6.56968e-09
22.1796	6.60932e-07	-6.60929e-09
22.2127	6.64917e-07	-6.64915e-09
22.2458	6.68927e-07	-6.68925e-09
22.2789	6.72961e-07	-6.72959e-09
22.312	6.77019e-07	-6.77017e-09
22.3451	6.81101e-07	-6.81099e-09
22.3782	6.85209e-07	-6.85207e-09
22.4113	6.89341e-07	-6.89339e-09
22.4444	6.93497e-07	-6.93496e-09
22.4775	6.97679e-07	-6.97678e-09
22.5106	7.01886e-07	-7.01885e-09
22.5437	7.06119e-07	-7.06117e-09
22.5768	7.10377e-07	-7.10375e-09
22.6099	7.14661e-07	-7.14659e-09
22.643	7.1897e-07	-7.18969e-09
22.6761	7.23306e-07	-7.23304e-09
22.7092	7.27667e-07	-7.27666e-09
22.7423	7.32055e-07	-7.32054e-09
22.7754	7.3647e-07	-7.36469e-09
22.8085	7.40911e-07	-7.4091e-09
22.8416	7.45379e-07	-7.45378e-09
22.8747	7.49874e-07	-7.49872e-09
22.9078	7.54395e-07	-7.54394e-09
22.9409	7.58945e-07	-7.58943e-09
22.974	7.63521e-07	-7.6352e-09
23.0071	7.68125e-07	-7.68124e-09
23.0402	7.72757e-07	-7.72756e-09
23.0733	7.77417e-07	-7.77416e-09
23.1064	7.82105e-07	-7.82104e-09
23.1395	7.86821e-07	-7.8682e-09
23.1726	7.91566e-07	-7.91565e-09
23.2057	7.96339e-07	-7.96338e-09
23.2388	8.01141e-07	-8.01141e-09
23.2719	8.05972e-07	-8.05972e-09
23.305	8.10833e-07	-8.10832e-09
23.338	8.15722e-07	-8.15721e-09
23.3711	8.20641e-07	-8.2064e-09
23.4042	8.2559e-07	-8.25589e-09
23.4373	8.30568e-07	-8.30567e-09
23.4704	8.35577e-07	-8.35576e-09
23.5035	8.40615e-07	-8.40615e-09
23.5366	8.45684e-07	-8.45684e-09
23.5697	8.50784e-07	-8.50783e-09
23.6028	8.55914e-07	-8.55914e-09
23.6359	8.61076e-07	-8.61075e-09
23.669	8.66268e-07	-8.66268e-09
23.7021	8.71492e-07	-8.71491e-09
23.7352	8.76747e-07	-8.76747e-09
23.7683	8.82034e-07	-8.82034e-09
23.8014	8.87353e-07	-8.87353e-09
23.8345	8.92704e-07	-8.92704e-09
23.8676	8.98087e-07	-8.98087e-09
23.9007	9.03503e-07	-9.03502e-09
23.9338	9.08951e-07	-9.08951e-09
23.9669	9.14432e-07	-9.14432e-09
24	9.19946e-07	-9.19946e-09
24.0331	9.25494e-07	-9.25494e-09
24.0662	9.31075e-07	-9.31074e-09
24.0993	9.36689e-07	-9.36689e-09
24.1324	9.42338e-07	-9.42337e-09
24.1655	9.4802e-07	-9.4802e-09
24.1986	9.53737e-07	-9.53737e-09
24.2317	9.59488e-07	-9.59488e-09
24.2648	9.65274e-07	-9.65274e-09
24.2979	9.71095e-07	-9.71095e-09
24.331	9.76951e-07	-9.76951e-09
24.3641	9.82842e-07	-9.82842e-09
24.3972	9.88769e-07	-9.88768e-09
24.4303	9.94731e-07	-9.94731e-09
24.4634	1.00073e-06	-1.00073e-08
24.4965	1.00676e-06	-1.00676e-08
24.5296	1.01284e-06	-1.01283e-08
24.5627	1.01894e-06	-1.01894e-08
24.5958	1.02509e-06	-1.02509e-08
24.6289	1.03127e-06	-1.03127e-08
24.662	1.03749e-06	-1.03749e-08
24.6951	1.04374e-06	-1.04374e-08
24.7282	1.05004e-06	-1.05004e-08
24.7613	1.05637e-06	-1.05637e-08
24.7944	1.06274e-06	-1.06274e-08
24.8275	1.06915e-06	-1.06915e-08
24.8606	1.0756e-06	-1.0756e-08
24.8937	1.08208e-06	-1.08208e-08
24.9234	5.81261e-07	-5.81261e-09
24.9531	3.12235e-07	-3.12235e-09
24.9874	3.90173e-07	-3.90173e-09
25.0253	9.15247e-07	-9.15246e-09
25.0529	3.32735e-07	-3.32735e-09
25.0846	2.57403e-07	-2.57403e-09
25.1225	6.06493e-07	-6.06493e-09
25.1542	4.63681e-07	-4.63681e-09
25.1878	5.17172e-07	-5.17172e-09
25.223	7.53058e-07	-7.53058e-09
25.2581	1.09653e-06	-1.09653e-08
25.2861	4.25202e-07	-4.25202e-09
25.3166	2.63515e-07	-2.63515e-09
25.3529	4.74007e-07	-4.74007e-09
25.3865	5.19435e-07	-5.19435e-09
25.4215	7.38171e-07	-7.38171e-09
25.4565	1.04902e-06	-1.04902e-08
25.485	4.4687e-07	-4.4687e-09
25.5157	2.86647e-07	-2.86647e-09
25.5516	4.81501e-07	-4.81501e-09
25.5855	5.58592e-07	-5.58592e-09
25.6194	6.48026e-07	-6.48026e-09
25.6533	7.51779e-07	-7.51778e-09
25.6871	8.72143e-07	-8.72143e-09
25.721	1.01178e-06	-1.01178e-08
25.7507	5.44097e-07	-5.44097e-09
25.7805	2.92595e-07	-2.92595e-09
25.8152	3.96712e-07	-3.96712e-09
25.8536	9.95793e-07	-9.95793e-09
25.8801	3.03328e-07	-3.03328e-09
25.9114	2.19808e-07	-2.19808e-09
25.9501	5.89143e-07	-5.89143e-09
25.9814	4.24301e-07	-4.24301e-09
26.0154	4.95478e-07	-4.95478e-09
26.0511	7.99536e-07	-7.99536e-09
26.0817	5.01977e-07	-5.01977e-09
26.1137	4.14447e-07	-4.14447e-09
26.1486	5.76117e-07	-5.76117e-09
26.1835	8.00851e-07	-8.00851e-09
26.2147	5.72525e-07	-5.72525e-09
26.246	4.09296e-07	-4.09296e-09
26.2801	4.95722e-07	-4.95722e-09
26.316	8.3146e-07	-8.3146e-09
26.346	4.68771e-07	-4.68771e-09
26.3779	3.76194e-07	-3.76194e-09
26.4133	5.72277e-07	-5.72277e-09
26.4487	8.70563e-07	-8.70563e-09
26.4787	4.90053e-07	-4.90053e-09
26.5103	3.72554e-07	-3.72553e-09
26.5454	5.41314e-07	-5.41314e-09
26.5818	9.89301e-07	-9.89301e-09
26.6098	3.82305e-07	-3.82305e-09
26.6409	2.66956e-07	-2.66956e-09
26.6779	5.37461e-07	-5.3746e-09
26.7103	4.72963e-07	-4.72963e-09
26.7446	5.97476e-07	-5.97475e-09
26.779	7.54767e-07	-7.54767e-09
26.8133	9.53466e-07	-9.53466e-09
26.8433	5.31861e-07	-5.31861e-09
26.8743	3.64053e-07	-3.64053e-09
26.909	4.86624e-07	-4.86624e-09
26.9457	9.2921e-07	-9.2921e-09
26.974	3.85648e-07	-3.85648e-09
27.0054	2.86126e-07	-2.86126e-09
27.0423	5.63694e-07	-5.63694e-09
27.0792	1.11053e-06	-1.11053e-08
27.1058	3.39629e-07	-3.39629e-09
27.1364	2.16702e-07	-2.16702e-09
27.1744	5.14843e-07	-5.14843e-09
27.2061	3.97788e-07	-3.97788e-09
27.2409	5.42061e-07	-5.42061e-09
27.2769	9.22875e-07	-9.22875e-09
27.3058	4.24977e-07	-4.24977e-09
27.3372	3.12133e-07	-3.12133e-09
27.3734	5.45223e-07	-5.45223e-09
27.4065	5.47033e-07	-5.47033e-09
27.4396	5.48848e-07	-5.48848e-09
27.4726	5.5067e-07	-5.5067e-09
27.5057	5.52498e-07	-5.52498e-09
27.5388	5.54331e-07	-5.54331e-09
27.5719	5.56171e-07	-5.56171e-09
27.605	5.58017e-07	-5.58017e-09
27.6381	5.59869e-07	-5.59869e-09
27.6711	5.61728e-07	-5.61728e-09
27.7042	5.63592e-07	-5.63592e-09
27.7373	5.65463e-07	-5.65463e-09
27.7704	5.6734e-07	-5.6734e-09
27.8035	5.69223e-07	-5.69223e-09
27.8366	5.71112e-07	-5.71112e-09
27.8696	5.73007e-07	-5.73007e-09
27.9027	5.74909e-07	-5.74909e-09
27.9358	5.76818e-07	-5.76818e-09
27.9689	5.78732e-07	-5.78732e-09
28.002	5.80653e-07	-5.80653e-09
28.0351	5.8258e-07	-5.8258e-09
28.0681	5.84514e-07	-5.84514e-09
28.1012	5.86454e-07	-5.86454e-09
28.1343	5.884e-07	-5.884e-09
28.1674	5.90353e-07	-5.90353e-09
28.2005	5.92313e-07	-5.92313e-09
28.2336	5.94279e-07	-5.94279e-09
28.2667	5.96251e-07	-5.96251e-09
28.2997	5.9823e-07	-5.9823e-09
28.3328	6.00216e-07	-6.00216e-09
28.3659	6.02208e-07	-6.02208e-09
28.399	6.04207e-07	-6.04207e-09
28.4321	6.06212e-07	-6.06212e-09
28.4652	6.08224e-07	-6.08224e-09
28.4982	6.10243e-07	-6.10243e-09
28.5313	6.12268e-07	-6.12268e-09
28.5644	6.14301e-07	-6.14301e-09
28.5975	6.16339e-07	-6.16339e-09
28.6306	6.18385e-07	-6.18385e-09
28.6637	6.20438e-07	-6.20438e-09
28.6967	6.22497e-07	-6.22497e-09
28.7298	6.24563e-07	-6.24563e-09
28.7629	6.26636e-07	-6.26636e-09
28.796	6.28716e-07	-6.28716e-09
28.8291	6.30803e-07	-6.30803e-09
28.8622	6.32896e-07	-6.32896e-09
28.8952	6.34997e-07	-6.34997e-09
28.9283	6.37105e-07	-6.37105e-09
28.9614	6.39219e-07	-6.39219e-09
28.9945	6.41341e-07	-6.41341e-09
29.0276	6.4347e-07	-6.4347e-09
29.0607	6.45605e-07	-6.45605e-09
29.0937	6.47748e-07	-6.47748e-09
29.1268	6.49898e-07	-6.49898e-09
29.1599	6.52055e-07	-6.52055e-09
29.193	6.54219e-07	-6.54219e-09
29.2261	6.56391e-07	-6.56391e-09
29.2592	6.58569e-07	-6.58569e-09
29.2922	6.60755e-07	-6.60755e-09
29.3253	6.62948e-07	-6.62948e-09
29.3584	6.65149e-07	-6.65149e-09
29.3915	6.67356e-07	-6.67356e-09
29.4246	6.69571e-07	-6.69571e-09
29.4577	6.71794e-07	-6.71794e-09
29.4907	6.74024e-07	-6.74024e-09
29.5238	6.76261e-07	-6.76261e-09
29.5569	6.78505e-07	-6.78505e-09
29.59	6.80757e-07	-6.80757e-09
29.6231	6.83017e-07	-6.83017e-09
29.6562	6.85284e-07	-6.85284e-09
29.6893	6.87558e-07	-6.87558e-09
29.7223	6.8984e-07	-6.8984e-09
29.7554	6.9213e-07	-6.9213e-09
29.7885	6.94427e-07	-6.94427e-09
29.8216	6.96732e-07	-6.96732e-09
29.8547	6.99045e-07	-6.99045e-09
29.8878	7.01365e-07	-7.01365e-09
29.9208	7.03693e-07	-7.03693e-09
29.9539	7.06028e-07	-7.06028e-09
29.987	7.08372e-07	-7.08372e-09
30.0201	7.10723e-07	-7.10723e-09
30.0532	7.13082e-07	-7.13082e-09
30.0863	7.15449e-07	-7.15449e-09
30.1193	7.17823e-07	-7.17823e-09
30.1524	7.20206e-07	-7.20206e-09
30.1855	7.22596e-07	-7.22596e-09
30.2186	7.24995e-07	-7.24995e-09
30.2517	7.27401e-07	-7.27401e-09
30.2848	7.29815e-07	-7.29815e-09
30.3178	7.32238e-07	-7.32238e-09
30.3509	7.34668e-07	-7.34668e-09
30.384	7.37106e-07	-7.37106e-09
30.4171	7.39553e-07	-7.39553e-09
30.4502	7.42008e-07	-7.42008e-09
30.4833	7.4447e-07	-7.4447e-09
30.5163	7.46941e-07	-7.46941e-09
30.5494	7.4942e-07	-7.4942e-09
30.5825	7.51908e-07	-7.51908e-09
30.6156	7.54403e-07	-7.54403e-09
30.6487	7.56907e-07	-7.56907e-09
30.6818	7.5942e-07	-7.5942e-09
30.7148	7.6194e-07	-7.6194e-09
30.7479	7.64469e-07	-7.64469e-09
30.781	7.67007e-07	-7.67007e-09
30.8141	7.69552e-07	-7.69552e-09
30.8472	7.72107e-07	-7.72107e-09
30.8803	7.74669e-07	-7.74669e-09
30.9133	7.7724e-07	-7.7724e-09
30.9464	7.7982e-07	-7.7982e-09
30.9795	7.82408e-07	-7.82408e-09
31.0126	7.85005e-07	-7.85005e-09
31.0457	7.87611e-07	-7.87611e-09
31.0788	7.90225e-07	-7.90225e-09
31.1119	7.92848e-07	-7.92848e-09
31.1449	7.95479e-07	-7.95479e-09
31.178	7.9812e-07	-7.9812e-09
31.2111	8.00769e-07	-8.00769e-09
31.2442	8.03427e-07	-8.03427e-09
31.2773	8.06093e-07	-8.06093e-09
31.3104	8.08769e-07	-8.08769e-09
31.3434	8.11453e-07	-8.11453e-09
31.3765	8.14146e-07	-8.14146e-09
31.4096	8.16849e-07	-8.16849e-09
31.4427	8.1956e-07	-8.1956e-09
31.4758	8.2228e-07	-8.2228e-09
31.5089	8.25009e-07	-8.25009e-09
31.5419	8.27747e-07	-8.27747e-09
31.575	8.30495e-07	-8.30495e-09
31.6081	8.33251e-07	-8.33251e-09
31.6412	8.36017e-07	-8.36017e-09
31.6743	8.38792e-07	-8.38792e-09
31.7074	8.41576e-07	-8.41576e-09
31.7404	8.44369e-07	-8.44369e-09
31.7735	8.47172e-07	-8.47172e-09
31.8066	8.49983e-07	-8.49983e-09
31.8397	8.52805e-07	-8.52805e-09
31.8728	8.55635e-07	-8.55635e-09
31.9059	8.58475e-07	-8.58475e-09
31.9389	8.61324e-07	-8.61324e-09
31.972	8.64183e-07	-8.64183e-09
32.0051	8.67052e-07	-8.67052e-09
32.0382	8.69929e-07	-8.69929e-09
32.0713	8.72817e-07	-8.72817e-09
32.1044	8.75714e-07	-8.75714e-09
32.1374	8.7862e-07	-8.7862e-09
32.1705	8.81537e-07	-8.81537e-09
32.2036	8.84462e-07	-8.84462e-09
32.2367	8.87398e-07	-8.87398e-09
32.2698	8.90343e-07	-8.90343e-09
32.3029	8.93299e-07	-8.93299e-09
32.3359	8.96263e-07	-8.96263e-09
32.369	8.99238e-07	-8.99238e-09
32.4021	9.02223e-07	-9.02223e-09
32.4352	9.05217e-07	-9.05217e-09
32.4683	9.08222e-07	-9.08222e-09
32.5014	9.11236e-07	-9.11236e-09
32.5345	9.14261e-07	-9.14261e-09
32.5675	9.17295e-07	-9.17295e-09
32.6006	9.2034e-07	-9.2034e-09
32.6337	9.23395e-07	-9.23395e-09
32.6668	9.2646e-07	-9.2646e-09
32.6999	9.29535e-07	-9.29535e-09
32.733	9.3262e-07	-9.3262e-09
32.766	9.35715e-07	-9.35715e-09
32.7991	9.38821e-07	-9.38821e-09
32.8322	9.41937e-07	-9.41937e-09
32.8653	9.45063e-07	-9.45063e-09
32.8984	9.482e-07	-9.482e-09
32.9315	9.51347e-07	-9.51347e-09
32.9645	9.54505e-07	-9.54505e-09
32.9976	9.57673e-07	-9.57673e-09
33.0307	9.60852e-07	-9.60852e-09
33.0638	9.64041e-07	-9.64041e-09
33.0969	9.6724e-07	-9.6724e-09
33.13	9.70451e-07	-9.70451e-09
33.163	9.73672e-07	-9.73672e-09
33.1961	9.76904e-07	-9.76904e-09
33.2292	9.80146e-07	-9.80146e-09
33.2623	9.83399e-07	-9.83399e-09
33.2954	9.86663e-07	-9.86663e-09
33.3285	9.89938e-07	-9.89938e-09
33.3615	9.93224e-07	-9.93224e-09
33.3946	9.9652e-07	-9.9652e-09
33.4277	9.99828e-07	-9.99828e-09
33.4608	1.00315e-06	-1.00315e-08
33.4939	1.00648e-06	-1.00648e-08
33.527	1.00982e-06	-1.00982e-08
33.56	1.01317e-06	-1.01317e-08
33.5931	1.01653e-06	-1.01653e-08
33.6262	1.0199e-06	-1.0199e-08
33.6593	1.02329e-06	-1.02329e-08
33.6924	1.02669e-06	-1.02669e-08
33.7255	1.03009e-06	-1.03009e-08
33.7585	1.03351e-06	-1.03351e-08
33.7916	1.03694e-06	-1.03694e-08
33.8247	1.04039e-06	-1.04039e-08
33.8578	1.04384e-06	-1.04384e-08
33.8909	1.0473e-06	-1.0473e-08
33.924	1.05078e-06	-1.05078e-08
33.9571	1.05427e-06	-1.05427e-08
33.9901	1.05777e-06	-1.05777e-08
34.0232	1.06128e-06	-1.06128e-08
34.0563	1.0648e-06	-1.0648e-08
34.0894	1.06833e-06	-1.06833e-08
34.1225	1.07188e-06	-1.07188e-08
34.1556	1.07544e-06	-1.07544e-08
34.1886	1.07901e-06	-1.07901e-08
34.2184	5.84028e-07	-5.84028e-09
34.2482	3.16114e-07	-3.16114e-09
34.2824	3.92182e-07	-3.92182e-09
34.3203	9.06864e-07	-9.06864e-09
34.348	3.38246e-07	-3.38246e-09
34.3797	2.63282e-07	-2.63282e-09
34.4175	6.0692e-07	-6.0692e-09
34.4492	4.72671e-07	-4.72671e-09
34.4829	5.25077e-07	-5.25077e-09
34.5179	7.47038e-07	-7.47038e-09
34.5529	1.06283e-06	-1.06283e-08
34.5812	4.42307e-07	-4.42307e-09
34.6119	2.80619e-07	-2.80619e-09
34.6479	4.78406e-07	-4.78406e-09
34.6817	5.49623e-07	-5.49623e-09
34.7156	6.31443e-07	-6.31443e-09
34.7494	7.25442e-07	-7.25442e-09
34.7832	8.33435e-07	-8.33435e-09
34.817	9.57504e-07	-9.57504e-09
34.8474	5.75675e-07	-5.75675e-09
34.8777	3.4611e-07	-3.4611e-09
34.9119	4.29094e-07	-4.29094e-09
34.9491	8.84965e-07	-8.84965e-09
34.9776	3.75717e-07	-3.75717e-09
35.0093	2.94087e-07	-2.94087e-09
35.0463	5.93113e-07	-5.93113e-09
35.0789	5.46775e-07	-5.46775e-09
35.1116	5.04057e-07	-5.04057e-09
35.1458	6.18412e-07	-6.18412e-09
35.1799	7.58711e-07	-7.58711e-09
35.2141	9.30839e-07	-9.30839e-09
35.2444	5.57188e-07	-5.57188e-09
35.2748	3.33525e-07	-3.33525e-09
35.3092	4.30844e-07	-4.30844e-09
35.3466	9.24324e-07	-9.24324e-09
35.3745	3.53646e-07	-3.53646e-09
35.4061	2.67891e-07	-2.67891e-09
35.4436	5.86561e-07	-5.86561e-09
35.4759	5.12444e-07	-5.12444e-09
35.5097	5.82003e-07	-5.82003e-09
35.5434	6.61004e-07	-6.61004e-09
35.5772	7.50729e-07	-7.50729e-09
35.6109	8.52633e-07	-8.52633e-09
35.6447	9.6837e-07	-9.6837e-09
35.675	5.75721e-07	-5.75721e-09
35.7052	3.42281e-07	-3.42281e-09
35.7395	4.25139e-07	-4.25139e-09
35.7767	8.88906e-07	-8.88906e-09
35.8051	3.70486e-07	-3.70486e-09
35.8368	2.89418e-07	-2.89418e-09
35.874	5.94316e-07	-5.94316e-09
35.9065	5.36624e-07	-5.36624e-09
35.9401	5.96351e-07	-5.96351e-09
35.9737	6.62726e-07	-6.62726e-09
36.0074	7.36489e-07	-7.36489e-09
36.041	8.18462e-07	-8.18462e-09
36.0747	9.09559e-07	-9.09559e-09
36.1083	1.0108e-06	-1.0108e-08
36.1383	5.65164e-07	-5.65164e-09
36.1682	3.15999e-07	-3.15999e-09
36.2027	4.05934e-07	-4.05934e-09
36.2404	9.33295e-07	-9.33295e-09
36.2679	3.33759e-07	-3.33759e-09
36.2995	2.53084e-07	-2.53084e-09
36.3375	5.96108e-07	-5.96108e-09
36.3693	4.71674e-07	-4.71674e-09
36.403	5.34189e-07	-5.34189e-09
36.438	7.5944e-07	-7.5944e-09
36.473	1.07967e-06	-1.07967e-08
36.5012	4.37723e-07	-4.37723e-09
36.5318	2.73989e-07	-2.73989e-09
36.5679	4.74378e-07	-4.74378e-09
36.6017	5.40269e-07	-5.40269e-09
36.6366	7.61899e-07	-7.61899e-09
36.6716	1.07445e-06	-1.07445e-08
36.6999	4.42e-07	-4.42e-09
36.7305	2.77506e-07	-2.77506e-09
36.7665	4.7439e-07	-4.7439e-09
36.8004	5.47387e-07	-5.47387e-09
36.8342	6.31616e-07	-6.31616e-09
36.8681	7.28806e-07	-7.28806e-09
36.9019	8.40951e-07	-8.40951e-09
36.9358	9.70352e-07	-9.70352e-09
36.9659	5.66745e-07	-5.66745e-09
36.9961	3.31013e-07	-3.31013e-09
37.0305	4.2051e-07	-4.2051e-09
37.068	9.13521e-07	-9.13521e-09
37.0959	3.52985e-07	-3.52985e-09
37.1275	2.70639e-07	-2.70639e-09
37.165	5.92712e-07	-5.92712e-09
37.1972	5.07039e-07	-5.07039e-09
37.231	5.70596e-07	-5.70596e-09
37.2647	6.42119e-07	-6.42119e-09
37.2984	7.22607e-07	-7.22607e-09
37.3321	8.13184e-07	-8.13184e-09
37.3658	9.15115e-07	-9.15115e-09
37.3995	1.02982e-06	-1.02982e-08
37.4292	5.50235e-07	-5.50235e-09
37.4589	2.9399e-07	-2.9399e-09
37.4936	3.93549e-07	-3.93549e-09
37.5319	9.84157e-07	-9.84157e-09
37.5586	3.05724e-07	-3.05724e-09
37.5899	2.23745e-07	-2.23745e-09
37.6286	5.92695e-07	-5.92695e-09
37.6599	4.26371e-07	-4.26371e-09
37.6938	4.94328e-07	-4.94328e-09
37.7295	7.93839e-07	-7.93839e-09
37.7601	5.07412e-07	-5.07412e-09
37.7922	4.21247e-07	-4.21247e-09
37.827	5.77239e-07	-5.77239e-09
37.8618	7.90996e-07	-7.90996e-09
37.8966	1.08391e-06	-1.08391e-08
37.9249	4.49346e-07	-4.49346e-09
37.9554	2.78934e-07	-2.78934e-09
37.9914	4.68022e-07	-4.68022e-09
38.0254	5.56857e-07	-5.56857e-09
38.0594	6.62554e-07	-6.62554e-09
38.0934	7.88314e-07	-7.88314e-09
38.1274	9.37944e-07	-9.37944e-09
38.1578	5.68561e-07	-5.68561e-09
38.1882	3.44649e-07	-3.44649e-09
38.2225	4.33271e-07	-4.33271e-09
38.2597	8.96146e-07	-8.96146e-09
38.288	3.71523e-07	-3.71523e-09
38.3197	2.87729e-07	-2.87729e-09
38.3568	5.89667e-07	-5.89667e-09
38.3894	5.41889e-07	-5.41889e-09
38.422	4.97982e-07	-4.97982e-09
38.4563	6.18099e-07	-6.18099e-09
38.4905	7.67189e-07	-7.67189e-09
38.5248	9.5224e-07	-9.5224e-09
38.5548	5.40643e-07	-5.40643e-09
38.5848	3.06955e-07	-3.06955e-09
38.6196	4.15462e-07	-4.15462e-09
38.6575	9.81763e-07	-9.81763e-09
38.6845	3.1822e-07	-3.1822e-09
38.7158	2.31627e-07	-2.31627e-09
38.7542	5.8375e-07	-5.8375e-09
38.7859	4.52618e-07	-4.52618e-09
38.8198	5.27804e-07	-5.27804e-09
38.855	7.85879e-07	-7.85879e-09
38.8862	5.47867e-07	-5.47867e-09
38.9173	3.8194e-07	-3.8194e-09
38.9517	4.90563e-07	-4.90563e-09
38.9881	8.88161e-07	-8.88161e-09
39.0171	4.16282e-07	-4.16282e-09
39.0487	3.18887e-07	-3.18887e-09
39.085	5.67449e-07	-5.67449e-09
39.1213	1.00976e-06	-1.00976e-08
39.1492	3.84991e-07	-3.84991e-09
39.1802	2.63142e-07	-2.63142e-09
39.2172	5.2712e-07	-5.2712e-09
39.2497	4.73782e-07	-4.73782e-09
39.2841	6.10824e-07	-6.10824e-09
39.3186	7.87505e-07	-7.87505e-09
39.3531	1.01529e-06	-1.01529e-08
39.3823	4.96098e-07	-4.96098e-09
39.413	3.2282e-07	-3.2282e-09
39.4482	4.74685e-07	-4.74685e-09
39.4857	1.03699e-06	-1.03699e-08
39.5125	3.26962e-07	-3.26962e-09
39.5435	2.24461e-07	-2.24461e-09
39.5817	5.52313e-07	-5.52313e-09
39.6129	3.89612e-07	-3.89612e-09
39.6473	4.94427e-07	-4.94427e-09
39.6835	8.74935e-07	-8.74935e-09
39.7128	4.29284e-07	-4.29284e-09
39.7445	3.32096e-07	-3.32096e-09
39.7805	5.67605e-07	-5.67605e-09
39.8166	9.70127e-07	-9.70127e-09
39.845	4.08226e-07	-4.08226e-09
39.8762	2.87276e-07	-2.87276e-09
39.9127	5.31794e-07	-5.31794e-09
39.9456	5.13793e-07	-5.13793e-09
39.9799	6.47093e-07	-6.47093e-09
40.0142	8.14976e-07	-8.14976e-09
40.0486	1.02642e-06	-1.02642e-08
40.0778	5.01499e-07	-5.01499e-09
40.1085	3.22273e-07	-3.22273e-09
40.1436	4.68563e-07	-4.68563e-09
40.1811	1.02789e-06	-1.02789e-08
40.2079	3.27431e-07	-3.27431e-09
40.239	2.2665e-07	-2.2665e-09
40.2772	5.55868e-07	-5.55868e-09
40.3084	3.91371e-07	-3.91371e-09
40.3427	4.92901e-07	-4.92901e-09
40.3789	8.6848e-07	-8.6848e-09
40.4083	4.33415e-07	-4.33415e-09
40.44	3.37256e-07	-3.37256e-09
40.476	5.68963e-07	-5.68963e-09
40.512	9.59862e-07	-9.59862e-09
40.5405	4.15673e-07	-4.15673e-09
40.5717	2.94691e-07	-2.94691e-09
40.6081	5.3257e-07	-5.3257e-09
40.6411	5.2656e-07	-5.2656e-09
40.6754	6.59346e-07	-6.59346e-09
40.7097	8.25617e-07	-8.25617e-09
40.744	1.03382e-06	-1.03382e-08
40.7732	5.01045e-07	-5.01045e-09
40.8039	3.19768e-07	-3.19768e-09
40.839	4.66009e-07	-4.66009e-09
40.8766	1.03198e-06	-1.03198e-08
40.9033	3.24692e-07	-3.24692e-09
40.9344	2.24253e-07	-2.24253e-09
40.9726	5.56096e-07	-5.56096e-09
41.0038	3.87205e-07	-3.87205e-09
41.0381	4.88348e-07	-4.88348e-09
41.0744	8.71877e-07	-8.71877e-09
41.1036	4.27327e-07	-4.27327e-09
41.1354	3.32014e-07	-3.32014e-09
41.1714	5.70293e-07	-5.70293e-09
41.2075	9.79579e-07	-9.79579e-09
41.2358	4.03843e-07	-4.03843e-09
41.267	2.82009e-07	-2.82009e-09
41.3036	5.29899e-07	-5.29899e-09
41.3364	5.05801e-07	-5.05801e-09
41.3707	6.41183e-07	-6.41183e-09
41.4051	8.128e-07	-8.128e-09
41.4395	1.03035e-06	-1.03035e-08
41.4686	4.97264e-07	-4.97264e-09
41.4993	3.18805e-07	-3.18805e-09
41.5345	4.68635e-07	-4.68635e-09
41.5721	1.04015e-06	-1.04015e-08
41.5988	3.22989e-07	-3.22989e-09
41.6298	2.21609e-07	-2.21609e-09
41.6681	5.53864e-07	-5.53864e-09
41.6992	3.8394e-07	-3.8394e-09
41.7336	4.87018e-07	-4.87018e-09
41.7699	8.77908e-07	-8.77908e-09
41.7991	4.21607e-07	-4.21607e-09
41.8307	3.26053e-07	-3.26053e-09
41.8669	5.70065e-07	-5.70065e-09
41.9031	9.9669e-07	-9.9669e-09
41.9312	3.93594e-07	-3.93594e-09
41.9622	2.71421e-07	-2.71421e-09
41.999	5.27944e-07	-5.27944e-09
42.0317	4.88156e-07	-4.88156e-09
42.0661	6.25073e-07	-6.25073e-09
42.1005	8.00393e-07	-8.00393e-09
42.135	1.02489e-06	-1.02489e-08
42.1641	4.95202e-07	-4.95202e-09
42.1948	3.19368e-07	-3.19368e-09
42.23	4.71408e-07	-4.71408e-09
42.2676	1.04321e-06	-1.04321e-08
42.2943	3.23197e-07	-3.23197e-09
42.3253	2.21097e-07	-2.21097e-09
42.3636	5.52424e-07	-5.52424e-09
42.3947	3.83846e-07	-3.83846e-09
42.4291	4.88268e-07	-4.88268e-09
42.4654	8.79997e-07	-8.79997e-09
42.4945	4.2088e-07	-4.2088e-09
42.5262	3.24808e-07	-3.24808e-09
42.5624	5.69329e-07	-5.69329e-09
42.5986	9.97928e-07	-9.97928e-09
42.6266	3.92499e-07	-3.92499e-09
42.6577	2.70468e-07	-2.70468e-09
42.6945	5.2801e-07	-5.2801e-09
42.7272	4.86378e-07	-4.86378e-09
42.7616	6.23108e-07	-6.23108e-09
42.796	7.98274e-07	-7.98274e-09
42.8304	1.02268e-06	-1.02268e-08
42.8596	4.95844e-07	-4.95844e-09
42.8903	3.20389e-07	-3.20389e-09
42.9256	4.71995e-07	-4.71995e-09
42.9631	1.04066e-06	-1.04066e-08
42.9898	3.24373e-07	-3.24373e-09
43.0208	2.22267e-07	-2.22267e-09
43.0591	5.52637e-07	-5.52637e-09
43.0902	3.85714e-07	-3.85714e-09
43.1246	4.90031e-07	-4.90031e-09
43.1609	8.77997e-07	-8.77997e-09
43.1901	4.23695e-07	-4.23695e-09
43.2217	3.27355e-07	-3.27355e-09
43.2579	5.68901e-07	-5.68901e-09
43.2941	9.88676e-07	-9.88676e-09
43.3222	3.97611e-07	-3.97611e-09
43.3533	2.75887e-07	-2.75887e-09
43.39	5.29237e-07	-5.29237e-09
43.4227	4.95237e-07	-4.95237e-09
43.4571	6.30922e-07	-6.30922e-09
43.4915	8.03781e-07	-8.03781e-09
43.5259	1.024e-06	-1.024e-08
43.5551	4.9765e-07	-4.9765e-09
43.5858	3.20954e-07	-3.20954e-09
43.621	4.70846e-07	-4.70846e-09
43.6586	1.0366e-06	-1.0366e-08
43.6853	3.25299e-07	-3.25299e-09
43.7163	2.23623e-07	-2.23623e-09
43.7546	5.53684e-07	-5.53684e-09
43.7857	3.87444e-07	-3.87444e-09
43.8201	4.90858e-07	-4.90858e-09
43.8564	8.74983e-07	-8.74983e-09
43.8856	4.26668e-07	-4.26668e-09
43.9173	3.30401e-07	-3.30401e-09
43.9534	5.68953e-07	-5.68953e-09
43.9895	9.79742e-07	-9.79742e-09
44.0178	4.02998e-07	-4.02998e-09
44.0489	2.81476e-07	-2.81476e-09
44.0855	5.30274e-07	-5.30274e-09
44.1183	5.04533e-07	-5.04533e-09
44.1527	6.39371e-07	-6.39371e-09
44.1871	8.10245e-07	-8.10245e-09
44.2214	1.02679e-06	-1.02679e-08
44.2506	4.98771e-07	-4.98771e-09
44.2813	3.20699e-07	-3.20699e-09
44.3165	4.69406e-07	-4.69406e-09
44.354	1.03489e-06	-1.03489e-08
44.3808	3.25243e-07	-3.25243e-09
44.4118	2.2395e-07	-2.2395e-09
44.4501	5.54453e-07	-5.54453e-09
44.4812	3.8758e-07	-3.8758e-09
44.5155	4.90277e-07	-4.90277e-09
44.5518	8.73799e-07	-8.73799e-09
44.5811	4.27191e-07	-4.27191e-09
44.6128	3.31189e-07	-3.31189e-09
44.6489	5.69319e-07	-5.69319e-09
44.6849	9.78668e-07	-9.78668e-09
44.7132	4.0386e-07	-4.0386e-09
44.7444	2.82278e-07	-2.82278e-09
44.781	5.30292e-07	-5.30292e-09
44.8138	5.05971e-07	-5.05971e-09
44.8482	6.40856e-07	-6.40856e-09
44.8825	8.11699e-07	-8.11699e-09
44.9169	1.02809e-06	-1.02809e-08
44.9461	4.98488e-07	-4.98488e-09
44.9768	3.20149e-07	-3.20149e-09
45.0119	4.69028e-07	-4.69028e-09
45.0495	1.03613e-06	-1.03613e-08
45.0762	3.24614e-07	-3.24614e-09
45.1073	2.23341e-07	-2.23341e-09
45.1455	5.54382e-07	-5.54382e-09
45.1766	3.8659e-07	-3.8659e-09
45.211	4.89308e-07	-4.89308e-09
45.2473	8.74788e-07	-8.74788e-09
45.2765	4.25703e-07	-4.25703e-09
45.3082	3.29857e-07	-3.29857e-09
45.3443	5.69569e-07	-5.69569e-09
45.3804	9.83485e-07	-9.83485e-09
45.4087	4.01068e-07	-4.01068e-09
45.4398	2.79309e-07	-2.79309e-09
45.4765	5.29654e-07	-5.29654e-09
45.5092	5.01106e-07	-5.01106e-09
45.5436	6.36568e-07	-6.36568e-09
45.578	8.08649e-07	-8.08649e-09
45.6124	1.02725e-06	-1.02725e-08
45.6415	4.97586e-07	-4.97586e-09
45.6722	3.19924e-07	-3.19924e-09
45.7074	4.69663e-07	-4.69663e-09
45.745	1.03808e-06	-1.03808e-08
45.7717	3.24211e-07	-3.24211e-09
45.8027	2.22713e-07	-2.22713e-09
45.841	5.53849e-07	-5.53849e-09
45.8721	3.85815e-07	-3.85815e-09
45.9065	4.88997e-07	-4.88997e-09
45.9428	8.76225e-07	-8.76225e-09
45.972	4.24344e-07	-4.24344e-09
46.0037	3.2844e-07	-3.2844e-09
46.0398	5.69513e-07	-5.69513e-09
46.076	9.87532e-07	-9.87532e-09
46.1041	3.9862e-07	-3.9862e-09
46.1352	2.76779e-07	-2.76779e-09
46.1719	5.29193e-07	-5.29193e-09
46.2047	4.96889e-07	-4.96889e-09
46.2391	6.32717e-07	-6.32717e-09
46.2734	8.05676e-07	-8.05676e-09
46.3078	1.02591e-06	-1.02591e-08
46.337	4.97112e-07	-4.97112e-09
46.3677	3.20078e-07	-3.20078e-09
46.4029	4.7033e-07	-4.7033e-09
46.4405	1.03874e-06	-1.03874e-08
46.4672	3.24283e-07	-3.24283e-09
46.4982	2.22615e-07	-2.22615e-09
46.5365	5.53514e-07	-5.53514e-09
46.5676	3.8583e-07	-3.8583e-09
46.602	4.89327e-07	-4.89327e-09
46.6383	8.76675e-07	-8.76675e-09
46.6675	4.24227e-07	-4.24227e-09
46.6991	3.28195e-07	-3.28195e-09
46.7353	5.69331e-07	-5.69331e-09
46.7714	9.87639e-07	-9.87639e-09
46.7996	3.98458e-07	-3.98458e-09
46.8307	2.76657e-07	-2.76657e-09
46.8674	5.29234e-07	-5.29234e-09
46.9001	4.96634e-07	-4.96634e-09
46.9345	6.32398e-07	-6.32398e-09
46.9689	8.05275e-07	-8.05275e-09
47.0033	1.02541e-06	-1.02541e-08
47.0325	4.97303e-07	-4.97303e-09
47.0632	3.20335e-07	-3.20335e-09
47.0984	4.70447e-07	-4.70447e-09
47.136	1.03805e-06	-1.03805e-08
47.1627	3.24587e-07	-3.24587e-09
47.1937	2.22926e-07	-2.22926e-09
47.232	5.53586e-07	-5.53586e-09
47.2631	3.86318e-07	-3.86318e-09
47.2975	4.89771e-07	-4.89771e-09
47.3338	8.76135e-07	-8.76135e-09
47.363	4.24972e-07	-4.24972e-09
47.3946	3.28876e-07	-3.28876e-09
47.4308	5.69228e-07	-5.69228e-09
47.4669	9.85234e-07	-9.85234e-09
47.4951	3.99831e-07	-3.99831e-09
47.5262	2.78111e-07	-2.78111e-09
47.5629	5.29548e-07	-5.29548e-09
47.5956	4.99019e-07	-4.99019e-09
47.63	6.34509e-07	-6.34509e-09
47.6644	8.06785e-07	-8.06785e-09
47.6988	1.02584e-06	-1.02584e-08
47.728	4.97744e-07	-4.97744e-09
47.7587	3.20441e-07	-3.20441e-09
47.7939	4.70129e-07	-4.70129e-09
47.8314	1.0371e-06	-1.0371e-08
47.8581	3.2478e-07	-3.2478e-09
47.8892	2.2323e-07	-2.2323e-09
47.9274	5.53847e-07	-5.53847e-09
47.9586	3.86691e-07	-3.86691e-09
47.9929	4.89915e-07	-4.89915e-09
48.0293	8.75436e-07	-8.75436e-09
48.0584	4.25628e-07	-4.25628e-09
48.0901	3.29562e-07	-3.29562e-09
48.1262	5.69258e-07	-5.69258e-09
48.1624	9.83288e-07	-9.83288e-09
48.1906	4.01015e-07	-4.01015e-09
48.2217	2.79334e-07	-2.79334e-09
48.2584	5.29768e-07	-5.29768e-09
48.2911	5.0106e-07	-5.0106e-09
48.3255	6.36373e-07	-6.36373e-09
48.3599	8.08228e-07	-8.08228e-09
48.3943	1.02649e-06	-1.02649e-08
48.4235	4.97967e-07	-4.97967e-09
48.4542	3.20358e-07	-3.20358e-09
48.4893	4.69805e-07	-4.69805e-09
48.5269	1.03681e-06	-1.03681e-08
48.5536	3.24735e-07	-3.24735e-09
48.5847	2.23267e-07	-2.23267e-09
48.6229	5.54006e-07	-5.54006e-09
48.654	3.86668e-07	-3.86668e-09
48.6884	4.89742e-07	-4.89742e-09
48.7247	8.75237e-07	-8.75237e-09
48.7539	4.25661e-07	-4.25661e-09
48.7856	3.29659e-07	-3.29659e-09
48.8217	5.69348e-07	-5.69348e-09
48.8578	9.83312e-07	-9.83312e-09
48.8861	4.01051e-07	-4.01051e-09
48.9172	2.79348e-07	-2.79348e-09
48.9539	5.29739e-07	-5.29739e-09
48.9866	5.01109e-07	-5.01109e-09
49.021	6.36462e-07	-6.36462e-09
49.0554	8.08375e-07	-8.08375e-09
49.0898	1.02672e-06	-1.02672e-08
49.1189	4.97861e-07	-4.97861e-09
49.1496	3.20231e-07	-3.20231e-09
49.1848	4.69759e-07	-4.69759e-09
49.2224	1.03717e-06	-1.03717e-08
49.2491	3.24582e-07	-3.24582e-09
49.2801	2.23107e-07	-2.23107e-09
49.3184	5.53964e-07	-5.53964e-09
49.3495	3.8642e-07	-3.8642e-09
49.3839	4.89523e-07	-4.89523e-09
49.4202	8.75519e-07	-8.75519e-09
49.4494	4.2528e-07	-4.2528e-09
49.4811	3.29307e-07	-3.29307e-09
49.5172	5.69398e-07	-5.69398e-09
49.5533	9.84533e-07	-9.84533e-09
49.5815	4.00344e-07	-4.00344e-09
49.6127	2.78601e-07	-2.78601e-09
49.6493	5.29581e-07	-5.29581e-09
49.6821	4.99881e-07	-4.99881e-09
49.7165	6.35373e-07	-6.35373e-09
49.7509	8.0759e-07	-8.0759e-09
49.7852	1.02649e-06	-1.02649e-08
49.8144	4.97644e-07	-4.97644e-09
49.8451	3.20187e-07	-3.20187e-09
49.8803	4.69924e-07	-4.69924e-09
49.9179	1.03762e-06	-1.03762e-08
49.9446	3.24496e-07	-3.24496e-09
49.9756	2.22966e-07	-2.22966e-09
50	4.98219e-08	-4.98219e-10
