0  0.0002  0.0001
0.03  -8.18128e-05  9.98105e-05
0.08232  -9.65755e-05  9.89732e-05
0.08232  -9.65755e-05  9.89732e-05
0.118825  -0.000173603  9.2311e-05
0.164459  -0.000141629  8.65809e-05
0.439192  -0.000100027  7.77399e-05
0.700465  -2.13303e-05  1.55686e-05
1.24275  7.91639e-06  -6.95646e-06
2.38212  6.54308e-05  -6.39937e-05
4.01882  0.000109921  -0.000109605
7.60768  8.6876e-05  -8.68405e-05
13.4968  5.05702e-05  -5.05742e-05
24.7491  9.09866e-06  -9.10163e-06
49.1158  -8.59934e-06  8.59895e-06
