0  4.9505e-05  0.000100495
0.1  -9.23063e-05  9.23044e-05
0.2  -8.35204e-05  8.35204e-05
0.3  -7.55721e-05  7.55721e-05
0.4  -6.83803e-05  6.83803e-05
0.5  -6.18728e-05  6.18728e-05
0.6  -5.59846e-05  5.59846e-05
0.7  -5.06568e-05  5.06568e-05
0.8  -4.5836e-05  4.5836e-05
0.9  -4.1474e-05  4.1474e-05
1  -3.75271e-05  3.75271e-05
1.1  -3.39558e-05  3.39558e-05
1.2  -3.07244e-05  3.07244e-05
1.3  -2.78005e-05  2.78005e-05
1.4  -2.51549e-05  2.51549e-05
1.5  -2.2761e-05  2.2761e-05
1.6  -2.05949e-05  2.05949e-05
1.7  -1.8635e-05  1.8635e-05
1.8  -1.68616e-05  1.68616e-05
1.9  -1.52569e-05  1.52569e-05
2  -1.3805e-05  1.3805e-05
2.1  -1.24912e-05  1.24912e-05
2.2  -1.13025e-05  1.13025e-05
2.3  -1.02269e-05  1.02269e-05
2.4  -9.25365e-06  9.25365e-06
2.5  -8.37302e-06  8.37302e-06
2.6  -7.57619e-06  7.57619e-06
2.7  -6.8552e-06  6.8552e-06
2.8  -6.20282e-06  6.20282e-06
2.9  -5.61253e-06  5.61253e-06
3  -5.07841e-06  5.07841e-06
3.1  -4.59512e-06  4.59512e-06
3.2  -4.15782e-06  4.15782e-06
3.3  -3.76214e-06  3.76214e-06
3.4  -3.40411e-06  3.40411e-06
3.5  -3.08016e-06  3.08016e-06
3.6  -2.78703e-06  2.78703e-06
3.7  -2.5218e-06  2.5218e-06
3.8  -2.28181e-06  2.28181e-06
3.9  -2.06466e-06  2.06466e-06
4  -1.86818e-06  1.86818e-06
4.1  -1.69039e-06  1.69039e-06
4.2  -1.52953e-06  1.52953e-06
4.3  -1.38397e-06  1.38397e-06
4.4  -1.25226e-06  1.25226e-06
4.5  -1.13309e-06  1.13309e-06
4.6  -1.02526e-06  1.02526e-06
4.7  -9.27683e-07  9.27683e-07
4.8  -8.39395e-07  8.39395e-07
4.9  -7.59509e-07  7.59509e-07
5  -6.87227e-07  6.87227e-07
5.1  -6.21823e-07  6.21823e-07
5.2  -5.62644e-07  5.62644e-07
5.3  -5.09097e-07  5.09097e-07
5.4  -4.60646e-07  4.60646e-07
5.5  -4.16807e-07  4.16807e-07
5.6  -3.77139e-07  3.77139e-07
5.7  -3.41247e-07  3.41247e-07
5.8  -3.0877e-07  3.0877e-07
5.9  -2.79384e-07  2.79384e-07
6  -2.52795e-07  2.52795e-07
6.1  -2.28737e-07  2.28737e-07
6.2  -2.06968e-07  2.06968e-07
6.3  -1.87271e-07  1.87271e-07
6.4  -1.69448e-07  1.69448e-07
6.5  -1.53322e-07  1.53322e-07
6.6  -1.3873e-07  1.3873e-07
6.7  -1.25527e-07  1.25527e-07
6.8  -1.13581e-07  1.13581e-07
6.9  -1.02771e-07  1.02771e-07
7  -9.29904e-08  9.29904e-08
7.1  -8.41405e-08  8.41405e-08
7.2  -7.61328e-08  7.61328e-08
7.3  -6.88872e-08  6.88872e-08
7.4  -6.23312e-08  6.23312e-08
7.5  -5.63991e-08  5.63991e-08
7.6  -5.10316e-08  5.10316e-08
7.7  -4.61749e-08  4.61749e-08
7.8  -4.17805e-08  4.17805e-08
7.9  -3.78042e-08  3.78042e-08
8  -3.42064e-08  3.42064e-08
8.1  -3.09509e-08  3.09509e-08
8.2  -2.80053e-08  2.80053e-08
8.3  -2.53401e-08  2.53401e-08
8.4  -2.29284e-08  2.29284e-08
8.5  -2.07463e-08  2.07463e-08
8.6  -1.87719e-08  1.87719e-08
8.7  -1.69854e-08  1.69854e-08
8.8  -1.53689e-08  1.53689e-08
8.9  -1.39062e-08  1.39062e-08
9  -1.25828e-08  1.25828e-08
9.1  -1.13853e-08  1.13853e-08
9.2  -1.03017e-08  1.03017e-08
9.3  -9.32131e-09  9.32131e-09
9.4  -8.43419e-09  8.43419e-09
9.5  -7.63151e-09  7.63151e-09
9.6  -6.90522e-09  6.90522e-09
9.7  -6.24805e-09  6.24805e-09
9.8  -5.65342e-09  5.65342e-09
9.9  -5.11538e-09  5.11538e-09
10  -4.62855e-09  4.62855e-09
10.1  -4.18805e-09  4.18805e-09
10.2  -3.78947e-09  3.78947e-09
10.3  -3.42883e-09  3.42883e-09
10.4  -3.10251e-09  3.10251e-09
10.5  -2.80724e-09  2.80724e-09
10.6  -2.54007e-09  2.54007e-09
10.7  -2.29833e-09  2.29833e-09
10.8  -2.0796e-09  2.0796e-09
10.9  -1.88169e-09  1.88169e-09
11  -1.70261e-09  1.70261e-09
11.1  -1.54057e-09  1.54057e-09
11.2  -1.39395e-09  1.39395e-09
11.3  -1.26129e-09  1.26129e-09
11.4  -1.14125e-09  1.14125e-09
11.5  -1.03264e-09  1.03264e-09
11.6  -9.34363e-10  9.34363e-10
11.7  -8.45439e-10  8.45439e-10
11.8  -7.64978e-10  7.64978e-10
11.9  -6.92175e-10  6.92175e-10
12  -6.26301e-10  6.26301e-10
12.1  -5.66696e-10  5.66696e-10
12.2  -5.12763e-10  5.12763e-10
12.3  -4.63963e-10  4.63963e-10
12.4  -4.19808e-10  4.19808e-10
12.5  -3.79855e-10  3.79855e-10
12.6  -3.43704e-10  3.43704e-10
12.7  -3.10993e-10  3.10993e-10
12.8  -2.81396e-10  2.81396e-10
12.9  -2.54616e-10  2.54616e-10
13  -2.30384e-10  2.30384e-10
13.1  -2.08458e-10  2.08458e-10
13.2  -1.88619e-10  1.88619e-10
13.3  -1.70668e-10  1.70668e-10
13.4  -1.54426e-10  1.54426e-10
13.5  -1.39729e-10  1.39729e-10
13.6  -1.26431e-10  1.26431e-10
13.7  -1.14398e-10  1.14398e-10
13.8  -1.03511e-10  1.03511e-10
13.9  -9.366e-11  9.366e-11
14  -8.47463e-11  8.47463e-11
14.1  -7.6681e-11  7.6681e-11
14.2  -6.93833e-11  6.93833e-11
14.3  -6.27801e-11  6.27801e-11
14.4  -5.68053e-11  5.68053e-11
14.5  -5.13991e-11  5.13991e-11
14.6  -4.65074e-11  4.65074e-11
14.7  -4.20813e-11  4.20813e-11
14.8  -3.80764e-11  3.80764e-11
14.9  -3.44527e-11  3.44527e-11
15  -3.11738e-11  3.11738e-11
15.1  -2.8207e-11  2.8207e-11
15.2  -2.55225e-11  2.55225e-11
15.3  -2.30935e-11  2.30935e-11
15.4  -2.08957e-11  2.08957e-11
15.5  -1.89071e-11  1.89071e-11
15.6  -1.71077e-11  1.71077e-11
15.7  -1.54795e-11  1.54795e-11
15.8  -1.40064e-11  1.40064e-11
15.9  -1.26734e-11  1.26734e-11
16  -1.14672e-11  1.14672e-11
16.1  -1.03759e-11  1.03759e-11
16.2  -9.38843e-12  9.38843e-12
16.3  -8.49493e-12  8.49493e-12
16.4  -7.68646e-12  7.68646e-12
16.5  -6.95494e-12  6.95494e-12
16.6  -6.29304e-12  6.29304e-12
16.7  -5.69413e-12  5.69413e-12
16.8  -5.15222e-12  5.15222e-12
16.9  -4.66188e-12  4.66188e-12
17  -4.21821e-12  4.21821e-12
17.1  -3.81676e-12  3.81676e-12
17.2  -3.45352e-12  3.45352e-12
17.3  -3.12485e-12  3.12485e-12
17.4  -2.82745e-12  2.82745e-12
17.5  -2.55836e-12  2.55836e-12
17.6  -2.31488e-12  2.31488e-12
17.7  -2.09458e-12  2.09458e-12
17.8  -1.89524e-12  1.89524e-12
17.9  -1.71487e-12  1.71487e-12
18  -1.55166e-12  1.55166e-12
18.1  -1.40399e-12  1.40399e-12
18.2  -1.27037e-12  1.27037e-12
18.3  -1.14947e-12  1.14947e-12
18.4  -1.04007e-12  1.04007e-12
18.5  -9.41091e-13  9.41091e-13
18.6  -8.51527e-13  8.51527e-13
18.7  -7.70487e-13  7.70487e-13
18.8  -6.9716e-13  6.9716e-13
18.9  -6.30811e-13  6.30811e-13
19  -5.70776e-13  5.70776e-13
19.1  -5.16455e-13  5.16455e-13
19.2  -4.67304e-13  4.67304e-13
19.3  -4.22831e-13  4.22831e-13
19.4  -3.8259e-13  3.8259e-13
19.5  -3.46179e-13  3.46179e-13
19.6  -3.13233e-13  3.13233e-13
19.7  -2.83422e-13  2.83422e-13
19.8  -2.56449e-13  2.56449e-13
19.9  -2.32043e-13  2.32043e-13
20  -2.09959e-13  2.09959e-13
20.1  -1.89977e-13  1.89977e-13
20.2  -1.71897e-13  1.71897e-13
20.3  -1.55538e-13  1.55538e-13
20.4  -1.40735e-13  1.40735e-13
20.5  -1.27341e-13  1.27341e-13
20.6  -1.15222e-13  1.15222e-13
20.7  -1.04257e-13  1.04257e-13
20.8  -9.43344e-14  9.43344e-14
20.9  -8.53566e-14  8.53566e-14
21  -7.72332e-14  7.72332e-14
21.1  -6.98829e-14  6.98829e-14
21.2  -6.32321e-14  6.32321e-14
21.3  -5.72143e-14  5.72143e-14
21.4  -5.17692e-14  5.17692e-14
21.5  -4.68423e-14  4.68423e-14
21.6  -4.23843e-14  4.23843e-14
21.7  -3.83506e-14  3.83506e-14
21.8  -3.47008e-14  3.47008e-14
21.9  -3.13983e-14  3.13983e-14
22  -2.84101e-14  2.84101e-14
22.1  -2.57063e-14  2.57063e-14
22.2  -2.32598e-14  2.32598e-14
22.3  -2.10462e-14  2.10462e-14
22.4  -1.90432e-14  1.90432e-14
22.5  -1.72309e-14  1.72309e-14
22.6  -1.5591e-14  1.5591e-14
22.7  -1.41072e-14  1.41072e-14
22.8  -1.27646e-14  1.27646e-14
22.9  -1.15498e-14  1.15498e-14
23  -1.04506e-14  1.04506e-14
23.1  -9.45603e-15  9.45603e-15
23.2  -8.5561e-15  8.5561e-15
23.3  -7.74181e-15  7.74181e-15
23.4  -7.00502e-15  7.00502e-15
23.5  -6.33835e-15  6.33835e-15
23.6  -5.73513e-15  5.73513e-15
23.7  -5.18932e-15  5.18932e-15
23.8  -4.69545e-15  4.69545e-15
23.9  -4.24858e-15  4.24858e-15
24  -3.84424e-15  3.84424e-15
24.1  -3.47839e-15  3.47839e-15
24.2  -3.14735e-15  3.14735e-15
24.3  -2.84781e-15  2.84781e-15
24.4  -2.57679e-15  2.57679e-15
24.5  -2.33155e-15  2.33155e-15
24.6  -2.10966e-15  2.10966e-15
24.7  -1.90888e-15  1.90888e-15
24.8  -1.72721e-15  1.72721e-15
24.9  -1.56283e-15  1.56283e-15
25  -1.4141e-15  1.4141e-15
25.1  -1.27952e-15  1.27952e-15
25.2  -1.15775e-15  1.15775e-15
25.3  -1.04756e-15  1.04756e-15
25.4  -9.47867e-16  9.47867e-16
25.5  -8.57659e-16  8.57659e-16
25.6  -7.76035e-16  7.76035e-16
25.7  -7.0218e-16  7.0218e-16
25.8  -6.35353e-16  6.35353e-16
25.9  -5.74886e-16  5.74886e-16
26  -5.20174e-16  5.20174e-16
26.1  -4.70669e-16  4.70669e-16
26.2  -4.25876e-16  4.25876e-16
26.3  -3.85345e-16  3.85345e-16
26.4  -3.48672e-16  3.48672e-16
26.5  -3.15488e-16  3.15488e-16
26.6  -2.85463e-16  2.85463e-16
26.7  -2.58296e-16  2.58296e-16
26.8  -2.33714e-16  2.33714e-16
26.9  -2.11471e-16  2.11471e-16
27  -1.91345e-16  1.91345e-16
27.1  -1.73135e-16  1.73135e-16
27.2  -1.56658e-16  1.56658e-16
27.3  -1.41749e-16  1.41749e-16
27.4  -1.28258e-16  1.28258e-16
27.5  -1.16052e-16  1.16052e-16
27.6  -1.05007e-16  1.05007e-16
27.7  -9.50137e-17  9.50137e-17
27.8  -8.59712e-17  8.59712e-17
27.9  -7.77893e-17  7.77893e-17
28  -7.03861e-17  7.03861e-17
28.1  -6.36874e-17  6.36874e-17
28.2  -5.76263e-17  5.76263e-17
28.3  -5.2142e-17  5.2142e-17
28.4  -4.71796e-17  4.71796e-17
28.5  -4.26895e-17  4.26895e-17
28.6  -3.86268e-17  3.86268e-17
28.7  -3.49506e-17  3.49506e-17
28.8  -3.16244e-17  3.16244e-17
28.9  -2.86147e-17  2.86147e-17
29  -2.58914e-17  2.58914e-17
29.1  -2.34273e-17  2.34273e-17
29.2  -2.11977e-17  2.11977e-17
29.3  -1.91804e-17  1.91804e-17
29.4  -1.7355e-17  1.7355e-17
29.5  -1.57033e-17  1.57033e-17
29.6  -1.42088e-17  1.42088e-17
29.7  -1.28565e-17  1.28565e-17
29.8  -1.1633e-17  1.1633e-17
29.9  -1.05259e-17  1.05259e-17
30  -9.52412e-18  9.52412e-18
30.1  -8.61771e-18  8.61771e-18
30.2  -7.79756e-18  7.79756e-18
30.3  -7.05546e-18  7.05546e-18
30.4  -6.38399e-18  6.38399e-18
30.5  -5.77643e-18  5.77643e-18
30.6  -5.22668e-18  5.22668e-18
30.7  -4.72926e-18  4.72926e-18
30.8  -4.27918e-18  4.27918e-18
30.9  -3.87193e-18  3.87193e-18
31  -3.50343e-18  3.50343e-18
31.1  -3.17001e-18  3.17001e-18
31.2  -2.86832e-18  2.86832e-18
31.3  -2.59534e-18  2.59534e-18
31.4  -2.34834e-18  2.34834e-18
31.5  -2.12485e-18  2.12485e-18
31.6  -1.92263e-18  1.92263e-18
31.7  -1.73965e-18  1.73965e-18
31.8  -1.57409e-18  1.57409e-18
31.9  -1.42428e-18  1.42428e-18
32  -1.28873e-18  1.28873e-18
32.1  -1.16608e-18  1.16608e-18
32.2  -1.05511e-18  1.05511e-18
32.3  -9.54693e-19  9.54693e-19
32.4  -8.63834e-19  8.63834e-19
32.5  -7.81623e-19  7.81623e-19
32.6  -7.07236e-19  7.07236e-19
32.7  -6.39928e-19  6.39928e-19
32.8  -5.79026e-19  5.79026e-19
32.9  -5.2392e-19  5.2392e-19
33  -4.74058e-19  4.74058e-19
33.1  -4.28942e-19  4.28942e-19
33.2  -3.8812e-19  3.8812e-19
33.3  -3.51182e-19  3.51182e-19
33.4  -3.1776e-19  3.1776e-19
33.5  -2.87519e-19  2.87519e-19
33.6  -2.60156e-19  2.60156e-19
33.7  -2.35397e-19  2.35397e-19
33.8  -2.12994e-19  2.12994e-19
33.9  -1.92723e-19  1.92723e-19
34  -1.74382e-19  1.74382e-19
34.1  -1.57786e-19  1.57786e-19
34.2  -1.42769e-19  1.42769e-19
34.3  -1.29182e-19  1.29182e-19
34.4  -1.16888e-19  1.16888e-19
34.5  -1.05763e-19  1.05763e-19
34.6  -9.56979e-20  9.56979e-20
34.7  -8.65903e-20  8.65903e-20
34.8  -7.83495e-20  7.83495e-20
34.9  -7.08929e-20  7.08929e-20
35  -6.4146e-20  6.4146e-20
35.1  -5.80412e-20  5.80412e-20
35.2  -5.25174e-20  5.25174e-20
35.3  -4.75194e-20  4.75194e-20
35.4  -4.29969e-20  4.29969e-20
35.5  -3.89049e-20  3.89049e-20
35.6  -3.52023e-20  3.52023e-20
35.7  -3.18521e-20  3.18521e-20
35.8  -2.88207e-20  2.88207e-20
35.9  -2.60779e-20  2.60779e-20
36  -2.3596e-20  2.3596e-20
36.1  -2.13504e-20  2.13504e-20
36.2  -1.93185e-20  1.93185e-20
36.3  -1.74799e-20  1.74799e-20
36.4  -1.58164e-20  1.58164e-20
36.5  -1.43111e-20  1.43111e-20
36.6  -1.29491e-20  1.29491e-20
36.7  -1.17167e-20  1.17167e-20
36.8  -1.06017e-20  1.06017e-20
36.9  -9.5927e-21  9.5927e-21
37  -8.67976e-21  8.67976e-21
37.1  -7.85371e-21  7.85371e-21
37.2  -7.10627e-21  7.10627e-21
37.3  -6.42996e-21  6.42996e-21
37.4  -5.81802e-21  5.81802e-21
37.5  -5.26432e-21  5.26432e-21
37.6  -4.76331e-21  4.76331e-21
37.7  -4.30999e-21  4.30999e-21
37.8  -3.89981e-21  3.89981e-21
37.9  -3.52866e-21  3.52866e-21
38  -3.19284e-21  3.19284e-21
38.1  -2.88897e-21  2.88897e-21
38.2  -2.61403e-21  2.61403e-21
38.3  -2.36525e-21  2.36525e-21
38.4  -2.14015e-21  2.14015e-21
38.5  -1.93647e-21  1.93647e-21
38.6  -1.75218e-21  1.75218e-21
38.7  -1.58542e-21  1.58542e-21
38.8  -1.43454e-21  1.43454e-21
38.9  -1.29801e-21  1.29801e-21
39  -1.17448e-21  1.17448e-21
39.1  -1.0627e-21  1.0627e-21
39.2  -9.61567e-22  9.61567e-22
39.3  -8.70055e-22  8.70055e-22
39.4  -7.87251e-22  7.87251e-22
39.5  -7.12328e-22  7.12328e-22
39.6  -6.44536e-22  6.44536e-22
39.7  -5.83195e-22  5.83195e-22
39.8  -5.27693e-22  5.27693e-22
39.9  -4.77472e-22  4.77472e-22
40  -4.32031e-22  4.32031e-22
40.1  -3.90914e-22  3.90914e-22
40.2  -3.53711e-22  3.53711e-22
40.3  -3.20048e-22  3.20048e-22
40.4  -2.89589e-22  2.89589e-22
40.5  -2.62029e-22  2.62029e-22
40.6  -2.37092e-22  2.37092e-22
40.7  -2.14528e-22  2.14528e-22
40.8  -1.94111e-22  1.94111e-22
40.9  -1.75637e-22  1.75637e-22
41  -1.58922e-22  1.58922e-22
41.1  -1.43797e-22  1.43797e-22
41.2  -1.30112e-22  1.30112e-22
41.3  -1.17729e-22  1.17729e-22
41.4  -1.06525e-22  1.06525e-22
41.5  -9.6387e-23  9.6387e-23
41.6  -8.72138e-23  8.72138e-23
41.7  -7.89136e-23  7.89136e-23
41.8  -7.14034e-23  7.14034e-23
41.9  -6.46079e-23  6.46079e-23
42  -5.84592e-23  5.84592e-23
42.1  -5.28956e-23  5.28956e-23
42.2  -4.78615e-23  4.78615e-23
42.3  -4.33065e-23  4.33065e-23
42.4  -3.9185e-23  3.9185e-23
42.5  -3.54558e-23  3.54558e-23
42.6  -3.20815e-23  3.20815e-23
42.7  -2.90283e-23  2.90283e-23
42.8  -2.62656e-23  2.62656e-23
42.9  -2.37659e-23  2.37659e-23
43  -2.15041e-23  2.15041e-23
43.1  -1.94576e-23  1.94576e-23
43.2  -1.76058e-23  1.76058e-23
43.3  -1.59302e-23  1.59302e-23
43.4  -1.44142e-23  1.44142e-23
43.5  -1.30424e-23  1.30424e-23
43.6  -1.18011e-23  1.18011e-23
43.7  -1.0678e-23  1.0678e-23
43.8  -9.66178e-24  9.66178e-24
43.9  -8.74226e-24  8.74226e-24
44  -7.91026e-24  7.91026e-24
44.1  -7.15744e-24  7.15744e-24
44.2  -6.47626e-24  6.47626e-24
44.3  -5.85992e-24  5.85992e-24
44.4  -5.30223e-24  5.30223e-24
44.5  -4.79761e-24  4.79761e-24
44.6  -4.34102e-24  4.34102e-24
44.7  -3.92789e-24  3.92789e-24
44.8  -3.55407e-24  3.55407e-24
44.9  -3.21583e-24  3.21583e-24
45  -2.90978e-24  2.90978e-24
45.1  -2.63285e-24  2.63285e-24
45.2  -2.38228e-24  2.38228e-24
45.3  -2.15556e-24  2.15556e-24
45.4  -1.95042e-24  1.95042e-24
45.5  -1.76479e-24  1.76479e-24
45.6  -1.59684e-24  1.59684e-24
45.7  -1.44487e-24  1.44487e-24
45.8  -1.30736e-24  1.30736e-24
45.9  -1.18294e-24  1.18294e-24
46  -1.07036e-24  1.07036e-24
46.1  -9.68491e-25  9.68491e-25
46.2  -8.7632e-25  8.7632e-25
46.3  -7.9292e-25  7.9292e-25
46.4  -7.17458e-25  7.17458e-25
46.5  -6.49177e-25  6.49177e-25
46.6  -5.87395e-25  5.87395e-25
46.7  -5.31492e-25  5.31492e-25
46.8  -4.8091e-25  4.8091e-25
46.9  -4.35142e-25  4.35142e-25
47  -3.93729e-25  3.93729e-25
47.1  -3.56258e-25  3.56258e-25
47.2  -3.22353e-25  3.22353e-25
47.3  -2.91674e-25  2.91674e-25
47.4  -2.63916e-25  2.63916e-25
47.5  -2.38799e-25  2.38799e-25
47.6  -2.16072e-25  2.16072e-25
47.7  -1.95509e-25  1.95509e-25
47.8  -1.76902e-25  1.76902e-25
47.9  -1.60066e-25  1.60066e-25
48  -1.44833e-25  1.44833e-25
48.1  -1.31049e-25  1.31049e-25
48.2  -1.18577e-25  1.18577e-25
48.3  -1.07292e-25  1.07292e-25
48.4  -9.7081e-26  9.7081e-26
48.5  -8.78418e-26  8.78418e-26
48.6  -7.94819e-26  7.94819e-26
48.7  -7.19176e-26  7.19176e-26
48.8  -6.50732e-26  6.50732e-26
48.9  -5.88801e-26  5.88801e-26
49  -5.32765e-26  5.32765e-26
49.1  -4.82062e-26  4.82062e-26
49.2  -4.36184e-26  4.36184e-26
49.3  -3.94672e-26  3.94672e-26
49.4  -3.57111e-26  3.57111e-26
49.5  -3.23125e-26  3.23125e-26
49.6  -2.92373e-26  2.92373e-26
49.7  -2.64548e-26  2.64548e-26
49.8  -2.39371e-26  2.39371e-26
49.9  -2.1659e-26  2.1659e-26
50  -1.95977e-26  1.95977e-26
