0 0.999996 3.95198e-06  4.79996e-08
0.0001 0.999992 7.81385e-06  1.8611e-07
0.0002 0.999988 1.15031e-05  4.9679e-07
0.0003 0.999984 1.49523e-05  1.0475e-06
0.0004 0.99998 1.81126e-05  1.88719e-06
0.0005 0.999976 2.09544e-05  3.04526e-06
0.0006 0.999972 2.34668e-05  4.53266e-06
0.0007 0.999968 2.56545e-05  6.34476e-06
0.0008 0.999964 2.75339e-05  8.46502e-06
0.0009 0.99996 2.91297e-05  1.08688e-05
0.001 0.999956 3.0471e-05  1.35271e-05
0.0011 0.999952 3.15886e-05  1.64088e-05
0.0012 0.999948 3.25131e-05  1.94836e-05
0.0013 0.999944 3.32731e-05  2.27227e-05
0.0014 0.99994 3.38947e-05  2.61002e-05
0.0015 0.999936 3.44009e-05  2.95928e-05
0.0016 0.999932 3.48119e-05  3.31824e-05
0.0017 0.999928 3.51446e-05  3.68507e-05
0.0018 0.999924 3.54131e-05  4.05827e-05
0.0019 0.99992 3.56293e-05  4.43666e-05
0.002 0.999916 3.58031e-05  4.81923e-05
0.0021 0.999912 3.59426e-05  5.2052e-05
0.0022 0.999908 3.60544e-05  5.59388e-05
0.0023 0.999904 3.6144e-05  5.98477e-05
0.0024 0.9999 3.62157e-05  6.37741e-05
0.0025 0.999896 3.62729e-05  6.77146e-05
0.0026 0.999892 3.63186e-05  7.16664e-05
0.0027 0.999888 3.6355e-05  7.56272e-05
0.0028 0.999884 3.6384e-05  7.95952e-05
0.0029 0.99988 3.64071e-05  8.35689e-05
0.003 0.999876 3.64254e-05  8.75472e-05
0.0031 0.999872 3.64399e-05  9.15291e-05
0.0032 0.999868 3.64513e-05  9.55138e-05
0.0033 0.999864 3.64603e-05  9.95008e-05
0.0034 0.99986 3.64674e-05  0.00010349
0.0035 0.999856 3.64728e-05  0.00010748
0.0036 0.999852 3.64771e-05  0.000111471
0.0037 0.999848 3.64803e-05  0.000115463
0.0038 0.999844 3.64828e-05  0.000119456
0.0039 0.99984 3.64846e-05  0.000123449
0.004 0.999836 3.64859e-05  0.000127442
0.0041 0.999832 3.64868e-05  0.000131436
0.0042 0.999828 3.64873e-05  0.00013543
0.0043 0.999824 3.64876e-05  0.000139424
0.0044 0.99982 3.64877e-05  0.000143418
0.0045 0.999816 3.64876e-05  0.000147412
0.0046 0.999812 3.64874e-05  0.000151406
0.0047 0.999808 3.64871e-05  0.0001554
0.0048 0.999804 3.64867e-05  0.000159394
0.0049 0.9998 3.64863e-05  0.000163388
0.005 0.999796 3.64857e-05  0.000167381
0.0051 0.999792 3.64852e-05  0.000171375
0.0052 0.999788 3.64846e-05  0.000175368
0.0053 0.999784 3.64839e-05  0.000179362
0.0054 0.99978 3.64833e-05  0.000183355
0.0055 0.999776 3.64826e-05  0.000187348
0.0056 0.999772 3.64819e-05  0.000191341
0.0057 0.999768 3.64813e-05  0.000195334
0.0058 0.999764 3.64806e-05  0.000199326
0.0059 0.99976 3.64798e-05  0.000203319
0.006 0.999756 3.64791e-05  0.000207311
0.0061 0.999752 3.64784e-05  0.000211303
0.0062 0.999748 3.64777e-05  0.000215295
0.0063 0.999744 3.6477e-05  0.000219287
0.0064 0.99974 3.64762e-05  0.000223278
0.0065 0.999736 3.64755e-05  0.00022727
0.0066 0.999732 3.64748e-05  0.000231261
0.0067 0.999728 3.6474e-05  0.000235252
0.0068 0.999724 3.64733e-05  0.000239243
0.0069 0.99972 3.64726e-05  0.000243234
0.007 0.999716 3.64718e-05  0.000247225
0.0071 0.999712 3.64711e-05  0.000251215
0.0072 0.999708 3.64704e-05  0.000255205
0.0073 0.999704 3.64696e-05  0.000259196
0.0074 0.9997 3.64689e-05  0.000263186
0.0075 0.999696 3.64682e-05  0.000267176
0.0076 0.999692 3.64674e-05  0.000271165
0.0077 0.999688 3.64667e-05  0.000275155
0.0078 0.999684 3.64659e-05  0.000279144
0.0079 0.99968 3.64652e-05  0.000283133
0.008 0.999676 3.64645e-05  0.000287122
0.0081 0.999672 3.64637e-05  0.000291111
0.0082 0.999668 3.6463e-05  0.0002951
0.0083 0.999664 3.64623e-05  0.000299089
0.0084 0.99966 3.64615e-05  0.000303077
0.0085 0.999656 3.64608e-05  0.000307065
0.0086 0.999653 3.646e-05  0.000311053
0.0087 0.999649 3.64593e-05  0.000315041
0.0088 0.999645 3.64586e-05  0.000319029
0.0089 0.999641 3.64578e-05  0.000323017
0.009 0.999637 3.64571e-05  0.000327004
0.0091 0.999633 3.64564e-05  0.000330991
0.0092 0.999629 3.64556e-05  0.000334978
0.0093 0.999625 3.64549e-05  0.000338965
0.0094 0.999621 3.64542e-05  0.000342952
0.0095 0.999617 3.64534e-05  0.000346939
0.0096 0.999613 3.64527e-05  0.000350925
0.0097 0.999609 3.64519e-05  0.000354912
0.0098 0.999605 3.64512e-05  0.000358898
0.0099 0.999601 3.64505e-05  0.000362884
0.01 0.999597 3.64497e-05  0.00036687
0.0101 0.999593 3.6449e-05  0.000370855
0.0102 0.999589 3.64483e-05  0.000374841
0.0103 0.999585 3.64475e-05  0.000378826
0.0104 0.999581 3.64468e-05  0.000382811
0.0105 0.999577 3.64461e-05  0.000386796
0.0106 0.999573 3.64453e-05  0.000390781
0.0107 0.999569 3.64446e-05  0.000394766
0.0108 0.999565 3.64439e-05  0.000398751
0.0109 0.999561 3.64431e-05  0.000402735
0.011 0.999557 3.64424e-05  0.000406719
0.0111 0.999553 3.64416e-05  0.000410703
0.0112 0.999549 3.64409e-05  0.000414687
0.0113 0.999545 3.64402e-05  0.000418671
0.0114 0.999541 3.64394e-05  0.000422654
0.0115 0.999537 3.64387e-05  0.000426638
0.0116 0.999533 3.6438e-05  0.000430621
0.0117 0.999529 3.64372e-05  0.000434604
0.0118 0.999525 3.64365e-05  0.000438587
0.0119 0.999521 3.64358e-05  0.00044257
0.012 0.999517 3.6435e-05  0.000446552
0.0121 0.999513 3.64343e-05  0.000450535
0.0122 0.999509 3.64336e-05  0.000454517
0.0123 0.999505 3.64328e-05  0.000458499
0.0124 0.999501 3.64321e-05  0.000462481
0.0125 0.999497 3.64313e-05  0.000466463
0.0126 0.999493 3.64306e-05  0.000470445
0.0127 0.999489 3.64299e-05  0.000474426
0.0128 0.999485 3.64291e-05  0.000478408
0.0129 0.999481 3.64284e-05  0.000482389
0.013 0.999477 3.64277e-05  0.00048637
0.0131 0.999473 3.64269e-05  0.000490351
0.0132 0.999469 3.64262e-05  0.000494331
0.0133 0.999465 3.64255e-05  0.000498312
0.0134 0.999461 3.64247e-05  0.000502292
0.0135 0.999457 3.6424e-05  0.000506272
0.0136 0.999453 3.64233e-05  0.000510252
0.0137 0.999449 3.64225e-05  0.000514232
0.0138 0.999445 3.64218e-05  0.000518212
0.0139 0.999441 3.64211e-05  0.000522192
0.014 0.999437 3.64203e-05  0.000526171
0.0141 0.999433 3.64196e-05  0.00053015
0.0142 0.999429 3.64189e-05  0.000534129
0.0143 0.999425 3.64181e-05  0.000538108
0.0144 0.999422 3.64174e-05  0.000542087
0.0145 0.999418 3.64167e-05  0.000546066
0.0146 0.999414 3.64159e-05  0.000550044
0.0147 0.99941 3.64152e-05  0.000554022
0.0148 0.999406 3.64145e-05  0.000558
0.0149 0.999402 3.64137e-05  0.000561978
0.015 0.999398 3.6413e-05  0.000565956
0.0151 0.999394 3.64123e-05  0.000569934
0.0152 0.99939 3.64115e-05  0.000573911
0.0153 0.999386 3.64108e-05  0.000577889
0.0154 0.999382 3.641e-05  0.000581866
0.0155 0.999378 3.64093e-05  0.000585843
0.0156 0.999374 3.64086e-05  0.00058982
0.0157 0.99937 3.64078e-05  0.000593796
0.0158 0.999366 3.64071e-05  0.000597773
0.0159 0.999362 3.64064e-05  0.000601749
0.016 0.999358 3.64056e-05  0.000605725
0.0161 0.999354 3.64049e-05  0.000609701
0.0162 0.99935 3.64042e-05  0.000613677
0.0163 0.999346 3.64034e-05  0.000617653
0.0164 0.999342 3.64027e-05  0.000621629
0.0165 0.999338 3.6402e-05  0.000625604
0.0166 0.999334 3.64012e-05  0.000629579
0.0167 0.99933 3.64005e-05  0.000633554
0.0168 0.999326 3.63998e-05  0.000637529
0.0169 0.999322 3.6399e-05  0.000641504
0.017 0.999318 3.63983e-05  0.000645478
0.0171 0.999314 3.63976e-05  0.000649453
0.0172 0.99931 3.63968e-05  0.000653427
0.0173 0.999306 3.63961e-05  0.000657401
0.0174 0.999302 3.63954e-05  0.000661375
0.0175 0.999298 3.63946e-05  0.000665349
0.0176 0.999294 3.63939e-05  0.000669323
0.0177 0.99929 3.63932e-05  0.000673296
0.0178 0.999286 3.63924e-05  0.000677269
0.0179 0.999282 3.63917e-05  0.000681243
0.018 0.999278 3.6391e-05  0.000685216
0.0181 0.999274 3.63902e-05  0.000689188
0.0182 0.99927 3.63895e-05  0.000693161
0.0183 0.999266 3.63888e-05  0.000697134
0.0184 0.999263 3.63881e-05  0.000701106
0.0185 0.999259 3.63873e-05  0.000705078
0.0186 0.999255 3.63866e-05  0.00070905
0.0187 0.999251 3.63859e-05  0.000713022
0.0188 0.999247 3.63851e-05  0.000716994
0.0189 0.999243 3.63844e-05  0.000720965
0.019 0.999239 3.63837e-05  0.000724937
0.0191 0.999235 3.63829e-05  0.000728908
0.0192 0.999231 3.63822e-05  0.000732879
0.0193 0.999227 3.63815e-05  0.00073685
0.0194 0.999223 3.63807e-05  0.000740821
0.0195 0.999219 3.638e-05  0.000744791
0.0196 0.999215 3.63793e-05  0.000748762
0.0197 0.999211 3.63785e-05  0.000752732
0.0198 0.999207 3.63778e-05  0.000756702
0.0199 0.999203 3.63771e-05  0.000760672
0.02 0.999199 3.63763e-05  0.000764642
0.0201 0.999195 3.63756e-05  0.000768611
0.0202 0.999191 3.63749e-05  0.000772581
0.0203 0.999187 3.63741e-05  0.00077655
0.0204 0.999183 3.63734e-05  0.000780519
0.0205 0.999179 3.63727e-05  0.000784488
0.0206 0.999175 3.63719e-05  0.000788457
0.0207 0.999171 3.63712e-05  0.000792426
0.0208 0.999167 3.63705e-05  0.000796394
0.0209 0.999163 3.63697e-05  0.000800363
0.021 0.999159 3.6369e-05  0.000804331
0.0211 0.999155 3.63683e-05  0.000808299
0.0212 0.999151 3.63676e-05  0.000812267
0.0213 0.999147 3.63668e-05  0.000816235
0.0214 0.999143 3.63661e-05  0.000820202
0.0215 0.999139 3.63654e-05  0.00082417
0.0216 0.999136 3.63646e-05  0.000828137
0.0217 0.999132 3.63639e-05  0.000832104
0.0218 0.999128 3.63632e-05  0.000836071
0.0219 0.999124 3.63624e-05  0.000840038
0.022 0.99912 3.63617e-05  0.000844004
0.0221 0.999116 3.6361e-05  0.000847971
0.0222 0.999112 3.63602e-05  0.000851937
0.0223 0.999108 3.63595e-05  0.000855903
0.0224 0.999104 3.63588e-05  0.000859869
0.0225 0.9991 3.6358e-05  0.000863835
0.0226 0.999096 3.63573e-05  0.0008678
0.0227 0.999092 3.63566e-05  0.000871766
0.0228 0.999088 3.63559e-05  0.000875731
0.0229 0.999084 3.63551e-05  0.000879696
0.023 0.99908 3.63544e-05  0.000883661
0.0231 0.999076 3.63537e-05  0.000887626
0.0232 0.999072 3.63529e-05  0.000891591
0.0233 0.999068 3.63522e-05  0.000895555
0.0234 0.999064 3.63515e-05  0.00089952
0.0235 0.99906 3.63507e-05  0.000903484
0.0236 0.999056 3.635e-05  0.000907448
0.0237 0.999052 3.63493e-05  0.000911412
0.0238 0.999048 3.63485e-05  0.000915376
0.0239 0.999044 3.63478e-05  0.000919339
0.024 0.99904 3.63471e-05  0.000923303
0.0241 0.999036 3.63464e-05  0.000927266
0.0242 0.999032 3.63456e-05  0.000931229
0.0243 0.999028 3.63449e-05  0.000935192
0.0244 0.999025 3.63442e-05  0.000939155
0.0245 0.999021 3.63434e-05  0.000943117
0.0246 0.999017 3.63427e-05  0.00094708
0.0247 0.999013 3.6342e-05  0.000951042
0.0248 0.999009 3.63412e-05  0.000955004
0.0249 0.999005 3.63405e-05  0.000958966
0.025 0.999001 3.63398e-05  0.000962928
0.0251 0.998997 3.63391e-05  0.00096689
0.0252 0.998993 3.63383e-05  0.000970851
0.0253 0.998989 3.63376e-05  0.000974813
0.0254 0.998985 3.63369e-05  0.000978774
0.0255 0.998981 3.63361e-05  0.000982735
0.0256 0.998977 3.63354e-05  0.000986696
0.0257 0.998973 3.63347e-05  0.000990656
0.0258 0.998969 3.63339e-05  0.000994617
0.0259 0.998965 3.63332e-05  0.000998577
0.026 0.998961 3.63325e-05  0.00100254
0.0261 0.998957 3.63318e-05  0.0010065
0.0262 0.998953 3.6331e-05  0.00101046
0.0263 0.998949 3.63303e-05  0.00101442
0.0264 0.998945 3.63296e-05  0.00101838
0.0265 0.998941 3.63288e-05  0.00102234
0.0266 0.998937 3.63281e-05  0.0010263
0.0267 0.998933 3.63274e-05  0.00103025
0.0268 0.998929 3.63267e-05  0.00103421
0.0269 0.998926 3.63259e-05  0.00103817
0.027 0.998922 3.63252e-05  0.00104213
0.0271 0.998918 3.63245e-05  0.00104609
0.0272 0.998914 3.63237e-05  0.00105005
0.0273 0.99891 3.6323e-05  0.00105401
0.0274 0.998906 3.63223e-05  0.00105796
0.0275 0.998902 3.63216e-05  0.00106192
0.0276 0.998898 3.63208e-05  0.00106588
0.0277 0.998894 3.63201e-05  0.00106984
0.0278 0.99889 3.63194e-05  0.00107379
0.0279 0.998886 3.63186e-05  0.00107775
0.028 0.998882 3.63179e-05  0.00108171
0.0281 0.998878 3.63172e-05  0.00108567
0.0282 0.998874 3.63165e-05  0.00108962
0.0283 0.99887 3.63157e-05  0.00109358
0.0284 0.998866 3.6315e-05  0.00109754
0.0285 0.998862 3.63143e-05  0.00110149
0.0286 0.998858 3.63135e-05  0.00110545
0.0287 0.998854 3.63128e-05  0.0011094
0.0288 0.99885 3.63121e-05  0.00111336
0.0289 0.998846 3.63114e-05  0.00111731
0.029 0.998842 3.63106e-05  0.00112127
0.0291 0.998838 3.63099e-05  0.00112523
0.0292 0.998835 3.63092e-05  0.00112918
0.0293 0.998831 3.63084e-05  0.00113314
0.0294 0.998827 3.63077e-05  0.00113709
0.0295 0.998823 3.6307e-05  0.00114105
0.0296 0.998819 3.63063e-05  0.001145
0.0297 0.998815 3.63055e-05  0.00114895
0.0298 0.998811 3.63048e-05  0.00115291
0.0299 0.998807 3.63041e-05  0.00115686
0.03 0.998803 3.63033e-05  0.00116082
0.0301 0.998799 3.63026e-05  0.00116477
0.0302 0.998795 3.63019e-05  0.00116872
0.0303 0.998791 3.63012e-05  0.00117268
0.0304 0.998787 3.63004e-05  0.00117663
0.0305 0.998783 3.62997e-05  0.00118058
0.0306 0.998779 3.6299e-05  0.00118454
0.0307 0.998775 3.62982e-05  0.00118849
0.0308 0.998771 3.62975e-05  0.00119244
0.0309 0.998767 3.62968e-05  0.00119639
0.031 0.998763 3.62961e-05  0.00120035
0.0311 0.998759 3.62953e-05  0.0012043
0.0312 0.998755 3.62946e-05  0.00120825
0.0313 0.998752 3.62939e-05  0.0012122
0.0314 0.998748 3.62932e-05  0.00121615
0.0315 0.998744 3.62924e-05  0.00122011
0.0316 0.99874 3.62917e-05  0.00122406
0.0317 0.998736 3.6291e-05  0.00122801
0.0318 0.998732 3.62902e-05  0.00123196
0.0319 0.998728 3.62895e-05  0.00123591
0.032 0.998724 3.62888e-05  0.00123986
0.0321 0.99872 3.62881e-05  0.00124381
0.0322 0.998716 3.62873e-05  0.00124776
0.0323 0.998712 3.62866e-05  0.00125171
0.0324 0.998708 3.62859e-05  0.00125566
0.0325 0.998704 3.62852e-05  0.00125961
0.0326 0.9987 3.62844e-05  0.00126356
0.0327 0.998696 3.62837e-05  0.00126751
0.0328 0.998692 3.6283e-05  0.00127146
0.0329 0.998688 3.62823e-05  0.00127541
0.033 0.998684 3.62815e-05  0.00127936
0.0331 0.99868 3.62808e-05  0.00128331
0.0332 0.998676 3.62801e-05  0.00128726
0.0333 0.998673 3.62793e-05  0.00129121
0.0334 0.998669 3.62786e-05  0.00129515
0.0335 0.998665 3.62779e-05  0.0012991
0.0336 0.998661 3.62772e-05  0.00130305
0.0337 0.998657 3.62764e-05  0.001307
0.0338 0.998653 3.62757e-05  0.00131095
0.0339 0.998649 3.6275e-05  0.00131489
0.034 0.998645 3.62743e-05  0.00131884
0.0341 0.998641 3.62735e-05  0.00132279
0.0342 0.998637 3.62728e-05  0.00132674
0.0343 0.998633 3.62721e-05  0.00133068
0.0344 0.998629 3.62714e-05  0.00133463
0.0345 0.998625 3.62706e-05  0.00133858
0.0346 0.998621 3.62699e-05  0.00134252
0.0347 0.998617 3.62692e-05  0.00134647
0.0348 0.998613 3.62685e-05  0.00135042
0.0349 0.998609 3.62677e-05  0.00135436
0.035 0.998605 3.6267e-05  0.00135831
0.0351 0.998601 3.62663e-05  0.00136225
0.0352 0.998598 3.62655e-05  0.0013662
0.0353 0.998594 3.62648e-05  0.00137015
0.0354 0.99859 3.62641e-05  0.00137409
0.0355 0.998586 3.62634e-05  0.00137804
0.0356 0.998582 3.62626e-05  0.00138198
0.0357 0.998578 3.62619e-05  0.00138593
0.0358 0.998574 3.62612e-05  0.00138987
0.0359 0.99857 3.62605e-05  0.00139381
0.036 0.998566 3.62597e-05  0.00139776
0.0361 0.998562 3.6259e-05  0.0014017
0.0362 0.998558 3.62583e-05  0.00140565
0.0363 0.998554 3.62576e-05  0.00140959
0.0364 0.99855 3.62568e-05  0.00141354
0.0365 0.998546 3.62561e-05  0.00141748
0.0366 0.998542 3.62554e-05  0.00142142
0.0367 0.998538 3.62547e-05  0.00142537
0.0368 0.998534 3.62539e-05  0.00142931
0.0369 0.998531 3.62532e-05  0.00143325
0.037 0.998527 3.62525e-05  0.00143719
0.0371 0.998523 3.62518e-05  0.00144114
0.0372 0.998519 3.6251e-05  0.00144508
0.0373 0.998515 3.62503e-05  0.00144902
0.0374 0.998511 3.62496e-05  0.00145296
0.0375 0.998507 3.62489e-05  0.00145691
0.0376 0.998503 3.62481e-05  0.00146085
0.0377 0.998499 3.62474e-05  0.00146479
0.0378 0.998495 3.62467e-05  0.00146873
0.0379 0.998491 3.6246e-05  0.00147267
0.038 0.998487 3.62452e-05  0.00147661
0.0381 0.998483 3.62445e-05  0.00148055
0.0382 0.998479 3.62438e-05  0.0014845
0.0383 0.998475 3.62431e-05  0.00148844
0.0384 0.998471 3.62423e-05  0.00149238
0.0385 0.998467 3.62416e-05  0.00149632
0.0386 0.998464 3.62409e-05  0.00150026
0.0387 0.99846 3.62402e-05  0.0015042
0.0388 0.998456 3.62394e-05  0.00150814
0.0389 0.998452 3.62387e-05  0.00151208
0.039 0.998448 3.6238e-05  0.00151602
0.0391 0.998444 3.62373e-05  0.00151996
0.0392 0.99844 3.62366e-05  0.0015239
0.0393 0.998436 3.62358e-05  0.00152784
0.0394 0.998432 3.62351e-05  0.00153177
0.0395 0.998428 3.62344e-05  0.00153571
0.0396 0.998424 3.62337e-05  0.00153965
0.0397 0.99842 3.62329e-05  0.00154359
0.0398 0.998416 3.62322e-05  0.00154753
0.0399 0.998412 3.62315e-05  0.00155147
0.04 0.998408 3.62308e-05  0.00155541
0.0401 0.998404 3.623e-05  0.00155934
0.0402 0.998401 3.62293e-05  0.00156328
0.0403 0.998397 3.62286e-05  0.00156722
0.0404 0.998393 3.62279e-05  0.00157116
0.0405 0.998389 3.62271e-05  0.00157509
0.0406 0.998385 3.62264e-05  0.00157903
0.0407 0.998381 3.62257e-05  0.00158297
0.0408 0.998377 3.6225e-05  0.0015869
0.0409 0.998373 3.62242e-05  0.00159084
0.041 0.998369 3.62235e-05  0.00159478
0.0411 0.998365 3.62228e-05  0.00159871
0.0412 0.998361 3.62221e-05  0.00160265
0.0413 0.998357 3.62214e-05  0.00160659
0.0414 0.998353 3.62206e-05  0.00161052
0.0415 0.998349 3.62199e-05  0.00161446
0.0416 0.998345 3.62192e-05  0.00161839
0.0417 0.998341 3.62185e-05  0.00162233
0.0418 0.998338 3.62177e-05  0.00162626
0.0419 0.998334 3.6217e-05  0.0016302
0.042 0.99833 3.62163e-05  0.00163413
0.0421 0.998326 3.62156e-05  0.00163807
0.0422 0.998322 3.62148e-05  0.001642
0.0423 0.998318 3.62141e-05  0.00164594
0.0424 0.998314 3.62134e-05  0.00164987
0.0425 0.99831 3.62127e-05  0.00165381
0.0426 0.998306 3.6212e-05  0.00165774
0.0427 0.998302 3.62112e-05  0.00166167
0.0428 0.998298 3.62105e-05  0.00166561
0.0429 0.998294 3.62098e-05  0.00166954
0.043 0.99829 3.62091e-05  0.00167347
0.0431 0.998286 3.62083e-05  0.00167741
0.0432 0.998282 3.62076e-05  0.00168134
0.0433 0.998279 3.62069e-05  0.00168527
0.0434 0.998275 3.62062e-05  0.00168921
0.0435 0.998271 3.62055e-05  0.00169314
0.0436 0.998267 3.62047e-05  0.00169707
0.0437 0.998263 3.6204e-05  0.001701
0.0438 0.998259 3.62033e-05  0.00170494
0.0439 0.998255 3.62026e-05  0.00170887
0.044 0.998251 3.62018e-05  0.0017128
0.0441 0.998247 3.62011e-05  0.00171673
0.0442 0.998243 3.62004e-05  0.00172066
0.0443 0.998239 3.61997e-05  0.00172459
0.0444 0.998235 3.6199e-05  0.00172853
0.0445 0.998231 3.61982e-05  0.00173246
0.0446 0.998227 3.61975e-05  0.00173639
0.0447 0.998224 3.61968e-05  0.00174032
0.0448 0.99822 3.61961e-05  0.00174425
0.0449 0.998216 3.61953e-05  0.00174818
0.045 0.998212 3.61946e-05  0.00175211
0.0451 0.998208 3.61939e-05  0.00175604
0.0452 0.998204 3.61932e-05  0.00175997
0.0453 0.9982 3.61925e-05  0.0017639
0.0454 0.998196 3.61917e-05  0.00176783
0.0455 0.998192 3.6191e-05  0.00177176
0.0456 0.998188 3.61903e-05  0.00177569
0.0457 0.998184 3.61896e-05  0.00177962
0.0458 0.99818 3.61888e-05  0.00178355
0.0459 0.998176 3.61881e-05  0.00178747
0.046 0.998172 3.61874e-05  0.0017914
0.0461 0.998168 3.61867e-05  0.00179533
0.0462 0.998165 3.6186e-05  0.00179926
0.0463 0.998161 3.61852e-05  0.00180319
0.0464 0.998157 3.61845e-05  0.00180712
0.0465 0.998153 3.61838e-05  0.00181104
0.0466 0.998149 3.61831e-05  0.00181497
0.0467 0.998145 3.61824e-05  0.0018189
0.0468 0.998141 3.61816e-05  0.00182283
0.0469 0.998137 3.61809e-05  0.00182675
0.047 0.998133 3.61802e-05  0.00183068
0.0471 0.998129 3.61795e-05  0.00183461
0.0472 0.998125 3.61788e-05  0.00183853
0.0473 0.998121 3.6178e-05  0.00184246
0.0474 0.998117 3.61773e-05  0.00184639
0.0475 0.998114 3.61766e-05  0.00185031
0.0476 0.99811 3.61759e-05  0.00185424
0.0477 0.998106 3.61751e-05  0.00185817
0.0478 0.998102 3.61744e-05  0.00186209
0.0479 0.998098 3.61737e-05  0.00186602
0.048 0.998094 3.6173e-05  0.00186994
0.0481 0.99809 3.61723e-05  0.00187387
0.0482 0.998086 3.61715e-05  0.00187779
0.0483 0.998082 3.61708e-05  0.00188172
0.0484 0.998078 3.61701e-05  0.00188564
0.0485 0.998074 3.61694e-05  0.00188957
0.0486 0.99807 3.61687e-05  0.00189349
0.0487 0.998066 3.61679e-05  0.00189742
0.0488 0.998063 3.61672e-05  0.00190134
0.0489 0.998059 3.61665e-05  0.00190527
0.049 0.998055 3.61658e-05  0.00190919
0.0491 0.998051 3.61651e-05  0.00191311
0.0492 0.998047 3.61643e-05  0.00191704
0.0493 0.998043 3.61636e-05  0.00192096
0.0494 0.998039 3.61629e-05  0.00192488
0.0495 0.998035 3.61622e-05  0.00192881
0.0496 0.998031 3.61615e-05  0.00193273
0.0497 0.998027 3.61607e-05  0.00193665
0.0498 0.998023 3.616e-05  0.00194058
0.0499 0.998019 3.61593e-05  0.0019445
0.05 0.998015 3.61586e-05  0.00194842
0.0501 0.998012 3.61579e-05  0.00195234
0.0502 0.998008 3.61571e-05  0.00195627
0.0503 0.998004 3.61564e-05  0.00196019
0.0504 0.998 3.61557e-05  0.00196411
0.0505 0.997996 3.6155e-05  0.00196803
0.0506 0.997992 3.61543e-05  0.00197195
0.0507 0.997988 3.61535e-05  0.00197587
0.0508 0.997984 3.61528e-05  0.00197979
0.0509 0.99798 3.61521e-05  0.00198372
0.051 0.997976 3.61514e-05  0.00198764
0.0511 0.997972 3.61507e-05  0.00199156
0.0512 0.997968 3.61499e-05  0.00199548
0.0513 0.997964 3.61492e-05  0.0019994
0.0514 0.997961 3.61485e-05  0.00200332
0.0515 0.997957 3.61478e-05  0.00200724
0.0516 0.997953 3.61471e-05  0.00201116
0.0517 0.997949 3.61464e-05  0.00201508
0.0518 0.997945 3.61456e-05  0.002019
0.0519 0.997941 3.61449e-05  0.00202292
0.052 0.997937 3.61442e-05  0.00202684
0.0521 0.997933 3.61435e-05  0.00203076
0.0522 0.997929 3.61428e-05  0.00203467
0.0523 0.997925 3.6142e-05  0.00203859
0.0524 0.997921 3.61413e-05  0.00204251
0.0525 0.997917 3.61406e-05  0.00204643
0.0526 0.997914 3.61399e-05  0.00205035
0.0527 0.99791 3.61392e-05  0.00205427
0.0528 0.997906 3.61384e-05  0.00205819
0.0529 0.997902 3.61377e-05  0.0020621
0.053 0.997898 3.6137e-05  0.00206602
0.0531 0.997894 3.61363e-05  0.00206994
0.0532 0.99789 3.61356e-05  0.00207386
0.0533 0.997886 3.61349e-05  0.00207777
0.0534 0.997882 3.61341e-05  0.00208169
0.0535 0.997878 3.61334e-05  0.00208561
0.0536 0.997874 3.61327e-05  0.00208952
0.0537 0.99787 3.6132e-05  0.00209344
0.0538 0.997867 3.61313e-05  0.00209736
0.0539 0.997863 3.61305e-05  0.00210127
0.054 0.997859 3.61298e-05  0.00210519
0.0541 0.997855 3.61291e-05  0.00210911
0.0542 0.997851 3.61284e-05  0.00211302
0.0543 0.997847 3.61277e-05  0.00211694
0.0544 0.997843 3.6127e-05  0.00212085
0.0545 0.997839 3.61262e-05  0.00212477
0.0546 0.997835 3.61255e-05  0.00212868
0.0547 0.997831 3.61248e-05  0.0021326
0.0548 0.997827 3.61241e-05  0.00213651
0.0549 0.997823 3.61234e-05  0.00214043
0.055 0.99782 3.61226e-05  0.00214434
0.0551 0.997816 3.61219e-05  0.00214826
0.0552 0.997812 3.61212e-05  0.00215217
0.0553 0.997808 3.61205e-05  0.00215609
0.0554 0.997804 3.61198e-05  0.00216
0.0555 0.9978 3.61191e-05  0.00216391
0.0556 0.997796 3.61183e-05  0.00216783
0.0557 0.997792 3.61176e-05  0.00217174
0.0558 0.997788 3.61169e-05  0.00217565
0.0559 0.997784 3.61162e-05  0.00217957
0.056 0.99778 3.61155e-05  0.00218348
0.0561 0.997777 3.61148e-05  0.00218739
0.0562 0.997773 3.6114e-05  0.00219131
0.0563 0.997769 3.61133e-05  0.00219522
0.0564 0.997765 3.61126e-05  0.00219913
0.0565 0.997761 3.61119e-05  0.00220304
0.0566 0.997757 3.61112e-05  0.00220696
0.0567 0.997753 3.61105e-05  0.00221087
0.0568 0.997749 3.61097e-05  0.00221478
0.0569 0.997745 3.6109e-05  0.00221869
0.057 0.997741 3.61083e-05  0.0022226
0.0571 0.997737 3.61076e-05  0.00222651
0.0572 0.997733 3.61069e-05  0.00223042
0.0573 0.99773 3.61061e-05  0.00223434
0.0574 0.997726 3.61054e-05  0.00223825
0.0575 0.997722 3.61047e-05  0.00224216
0.0576 0.997718 3.6104e-05  0.00224607
0.0577 0.997714 3.61033e-05  0.00224998
0.0578 0.99771 3.61026e-05  0.00225389
0.0579 0.997706 3.61018e-05  0.0022578
0.058 0.997702 3.61011e-05  0.00226171
0.0581 0.997698 3.61004e-05  0.00226562
0.0582 0.997694 3.60997e-05  0.00226953
0.0583 0.99769 3.6099e-05  0.00227344
0.0584 0.997687 3.60983e-05  0.00227735
0.0585 0.997683 3.60975e-05  0.00228126
0.0586 0.997679 3.60968e-05  0.00228517
0.0587 0.997675 3.60961e-05  0.00228907
0.0588 0.997671 3.60954e-05  0.00229298
0.0589 0.997667 3.60947e-05  0.00229689
0.059 0.997663 3.6094e-05  0.0023008
0.0591 0.997659 3.60933e-05  0.00230471
0.0592 0.997655 3.60925e-05  0.00230862
0.0593 0.997651 3.60918e-05  0.00231252
0.0594 0.997647 3.60911e-05  0.00231643
0.0595 0.997644 3.60904e-05  0.00232034
0.0596 0.99764 3.60897e-05  0.00232425
0.0597 0.997636 3.6089e-05  0.00232815
0.0598 0.997632 3.60882e-05  0.00233206
0.0599 0.997628 3.60875e-05  0.00233597
0.06 0.997624 3.60868e-05  0.00233988
0.0601 0.99762 3.60861e-05  0.00234378
0.0602 0.997616 3.60854e-05  0.00234769
0.0603 0.997612 3.60847e-05  0.00235159
0.0604 0.997608 3.60839e-05  0.0023555
0.0605 0.997605 3.60832e-05  0.00235941
0.0606 0.997601 3.60825e-05  0.00236331
0.0607 0.997597 3.60818e-05  0.00236722
0.0608 0.997593 3.60811e-05  0.00237112
0.0609 0.997589 3.60804e-05  0.00237503
0.061 0.997585 3.60797e-05  0.00237894
0.0611 0.997581 3.60789e-05  0.00238284
0.0612 0.997577 3.60782e-05  0.00238675
0.0613 0.997573 3.60775e-05  0.00239065
0.0614 0.997569 3.60768e-05  0.00239455
0.0615 0.997565 3.60761e-05  0.00239846
0.0616 0.997562 3.60754e-05  0.00240236
0.0617 0.997558 3.60746e-05  0.00240627
0.0618 0.997554 3.60739e-05  0.00241017
0.0619 0.99755 3.60732e-05  0.00241408
0.062 0.997546 3.60725e-05  0.00241798
0.0621 0.997542 3.60718e-05  0.00242188
0.0622 0.997538 3.60711e-05  0.00242579
0.0623 0.997534 3.60704e-05  0.00242969
0.0624 0.99753 3.60696e-05  0.00243359
0.0625 0.997526 3.60689e-05  0.0024375
0.0626 0.997523 3.60682e-05  0.0024414
0.0627 0.997519 3.60675e-05  0.0024453
0.0628 0.997515 3.60668e-05  0.0024492
0.0629 0.997511 3.60661e-05  0.00245311
0.063 0.997507 3.60654e-05  0.00245701
0.0631 0.997503 3.60646e-05  0.00246091
0.0632 0.997499 3.60639e-05  0.00246481
0.0633 0.997495 3.60632e-05  0.00246871
0.0634 0.997491 3.60625e-05  0.00247262
0.0635 0.997487 3.60618e-05  0.00247652
0.0636 0.997484 3.60611e-05  0.00248042
0.0637 0.99748 3.60604e-05  0.00248432
0.0638 0.997476 3.60596e-05  0.00248822
0.0639 0.997472 3.60589e-05  0.00249212
0.064 0.997468 3.60582e-05  0.00249602
0.0641 0.997464 3.60575e-05  0.00249992
0.0642 0.99746 3.60568e-05  0.00250382
0.0643 0.997456 3.60561e-05  0.00250772
0.0644 0.997452 3.60554e-05  0.00251162
0.0645 0.997448 3.60546e-05  0.00251552
0.0646 0.997445 3.60539e-05  0.00251942
0.0647 0.997441 3.60532e-05  0.00252332
0.0648 0.997437 3.60525e-05  0.00252722
0.0649 0.997433 3.60518e-05  0.00253112
0.065 0.997429 3.60511e-05  0.00253502
0.0651 0.997425 3.60504e-05  0.00253892
0.0652 0.997421 3.60496e-05  0.00254282
0.0653 0.997417 3.60489e-05  0.00254672
0.0654 0.997413 3.60482e-05  0.00255062
0.0655 0.997409 3.60475e-05  0.00255451
0.0656 0.997406 3.60468e-05  0.00255841
0.0657 0.997402 3.60461e-05  0.00256231
0.0658 0.997398 3.60454e-05  0.00256621
0.0659 0.997394 3.60446e-05  0.00257011
0.066 0.99739 3.60439e-05  0.002574
0.0661 0.997386 3.60432e-05  0.0025779
0.0662 0.997382 3.60425e-05  0.0025818
0.0663 0.997378 3.60418e-05  0.00258569
0.0664 0.997374 3.60411e-05  0.00258959
0.0665 0.99737 3.60404e-05  0.00259349
0.0666 0.997367 3.60397e-05  0.00259739
0.0667 0.997363 3.60389e-05  0.00260128
0.0668 0.997359 3.60382e-05  0.00260518
0.0669 0.997355 3.60375e-05  0.00260907
0.067 0.997351 3.60368e-05  0.00261297
0.0671 0.997347 3.60361e-05  0.00261687
0.0672 0.997343 3.60354e-05  0.00262076
0.0673 0.997339 3.60347e-05  0.00262466
0.0674 0.997335 3.6034e-05  0.00262855
0.0675 0.997332 3.60332e-05  0.00263245
0.0676 0.997328 3.60325e-05  0.00263634
0.0677 0.997324 3.60318e-05  0.00264024
0.0678 0.99732 3.60311e-05  0.00264413
0.0679 0.997316 3.60304e-05  0.00264803
0.068 0.997312 3.60297e-05  0.00265192
0.0681 0.997308 3.6029e-05  0.00265582
0.0682 0.997304 3.60283e-05  0.00265971
0.0683 0.9973 3.60275e-05  0.0026636
0.0684 0.997296 3.60268e-05  0.0026675
0.0685 0.997293 3.60261e-05  0.00267139
0.0686 0.997289 3.60254e-05  0.00267529
0.0687 0.997285 3.60247e-05  0.00267918
0.0688 0.997281 3.6024e-05  0.00268307
0.0689 0.997277 3.60233e-05  0.00268697
0.069 0.997273 3.60226e-05  0.00269086
0.0691 0.997269 3.60218e-05  0.00269475
0.0692 0.997265 3.60211e-05  0.00269864
0.0693 0.997261 3.60204e-05  0.00270254
0.0694 0.997258 3.60197e-05  0.00270643
0.0695 0.997254 3.6019e-05  0.00271032
0.0696 0.99725 3.60183e-05  0.00271421
0.0697 0.997246 3.60176e-05  0.0027181
0.0698 0.997242 3.60169e-05  0.002722
0.0699 0.997238 3.60161e-05  0.00272589
0.07 0.997234 3.60154e-05  0.00272978
0.0701 0.99723 3.60147e-05  0.00273367
0.0702 0.997226 3.6014e-05  0.00273756
0.0703 0.997223 3.60133e-05  0.00274145
0.0704 0.997219 3.60126e-05  0.00274534
0.0705 0.997215 3.60119e-05  0.00274923
0.0706 0.997211 3.60112e-05  0.00275312
0.0707 0.997207 3.60105e-05  0.00275702
0.0708 0.997203 3.60097e-05  0.00276091
0.0709 0.997199 3.6009e-05  0.0027648
0.071 0.997195 3.60083e-05  0.00276869
0.0711 0.997191 3.60076e-05  0.00277258
0.0712 0.997188 3.60069e-05  0.00277646
0.0713 0.997184 3.60062e-05  0.00278035
0.0714 0.99718 3.60055e-05  0.00278424
0.0715 0.997176 3.60048e-05  0.00278813
0.0716 0.997172 3.60041e-05  0.00279202
0.0717 0.997168 3.60033e-05  0.00279591
0.0718 0.997164 3.60026e-05  0.0027998
0.0719 0.99716 3.60019e-05  0.00280369
0.072 0.997156 3.60012e-05  0.00280758
0.0721 0.997153 3.60005e-05  0.00281146
0.0722 0.997149 3.59998e-05  0.00281535
0.0723 0.997145 3.59991e-05  0.00281924
0.0724 0.997141 3.59984e-05  0.00282313
0.0725 0.997137 3.59977e-05  0.00282702
0.0726 0.997133 3.59969e-05  0.0028309
0.0727 0.997129 3.59962e-05  0.00283479
0.0728 0.997125 3.59955e-05  0.00283868
0.0729 0.997121 3.59948e-05  0.00284256
0.073 0.997118 3.59941e-05  0.00284645
0.0731 0.997114 3.59934e-05  0.00285034
0.0732 0.99711 3.59927e-05  0.00285422
0.0733 0.997106 3.5992e-05  0.00285811
0.0734 0.997102 3.59913e-05  0.002862
0.0735 0.997098 3.59905e-05  0.00286588
0.0736 0.997094 3.59898e-05  0.00286977
0.0737 0.99709 3.59891e-05  0.00287365
0.0738 0.997086 3.59884e-05  0.00287754
0.0739 0.997083 3.59877e-05  0.00288142
0.074 0.997079 3.5987e-05  0.00288531
0.0741 0.997075 3.59863e-05  0.0028892
0.0742 0.997071 3.59856e-05  0.00289308
0.0743 0.997067 3.59849e-05  0.00289697
0.0744 0.997063 3.59842e-05  0.00290085
0.0745 0.997059 3.59834e-05  0.00290473
0.0746 0.997055 3.59827e-05  0.00290862
0.0747 0.997052 3.5982e-05  0.0029125
0.0748 0.997048 3.59813e-05  0.00291639
0.0749 0.997044 3.59806e-05  0.00292027
0.075 0.99704 3.59799e-05  0.00292415
0.0751 0.997036 3.59792e-05  0.00292804
0.0752 0.997032 3.59785e-05  0.00293192
0.0753 0.997028 3.59778e-05  0.0029358
0.0754 0.997024 3.59771e-05  0.00293969
0.0755 0.99702 3.59763e-05  0.00294357
0.0756 0.997017 3.59756e-05  0.00294745
0.0757 0.997013 3.59749e-05  0.00295134
0.0758 0.997009 3.59742e-05  0.00295522
0.0759 0.997005 3.59735e-05  0.0029591
0.076 0.997001 3.59728e-05  0.00296298
0.0761 0.996997 3.59721e-05  0.00296687
0.0762 0.996993 3.59714e-05  0.00297075
0.0763 0.996989 3.59707e-05  0.00297463
0.0764 0.996986 3.597e-05  0.00297851
0.0765 0.996982 3.59693e-05  0.00298239
0.0766 0.996978 3.59685e-05  0.00298627
0.0767 0.996974 3.59678e-05  0.00299015
0.0768 0.99697 3.59671e-05  0.00299404
0.0769 0.996966 3.59664e-05  0.00299792
0.077 0.996962 3.59657e-05  0.0030018
0.0771 0.996958 3.5965e-05  0.00300568
0.0772 0.996954 3.59643e-05  0.00300956
0.0773 0.996951 3.59636e-05  0.00301344
0.0774 0.996947 3.59629e-05  0.00301732
0.0775 0.996943 3.59622e-05  0.0030212
0.0776 0.996939 3.59615e-05  0.00302508
0.0777 0.996935 3.59607e-05  0.00302896
0.0778 0.996931 3.596e-05  0.00303284
0.0779 0.996927 3.59593e-05  0.00303672
0.078 0.996923 3.59586e-05  0.0030406
0.0781 0.99692 3.59579e-05  0.00304447
0.0782 0.996916 3.59572e-05  0.00304835
0.0783 0.996912 3.59565e-05  0.00305223
0.0784 0.996908 3.59558e-05  0.00305611
0.0785 0.996904 3.59551e-05  0.00305999
0.0786 0.9969 3.59544e-05  0.00306387
0.0787 0.996896 3.59537e-05  0.00306774
0.0788 0.996892 3.5953e-05  0.00307162
0.0789 0.996889 3.59522e-05  0.0030755
0.079 0.996885 3.59515e-05  0.00307938
0.0791 0.996881 3.59508e-05  0.00308326
0.0792 0.996877 3.59501e-05  0.00308713
0.0793 0.996873 3.59494e-05  0.00309101
0.0794 0.996869 3.59487e-05  0.00309489
0.0795 0.996865 3.5948e-05  0.00309876
0.0796 0.996861 3.59473e-05  0.00310264
0.0797 0.996858 3.59466e-05  0.00310652
0.0798 0.996854 3.59459e-05  0.00311039
0.0799 0.99685 3.59452e-05  0.00311427
0.08 0.996846 3.59445e-05  0.00311815
0.0801 0.996842 3.59437e-05  0.00312202
0.0802 0.996838 3.5943e-05  0.0031259
0.0803 0.996834 3.59423e-05  0.00312977
0.0804 0.99683 3.59416e-05  0.00313365
0.0805 0.996827 3.59409e-05  0.00313752
0.0806 0.996823 3.59402e-05  0.0031414
0.0807 0.996819 3.59395e-05  0.00314527
0.0808 0.996815 3.59388e-05  0.00314915
0.0809 0.996811 3.59381e-05  0.00315302
0.081 0.996807 3.59374e-05  0.0031569
0.0811 0.996803 3.59367e-05  0.00316077
0.0812 0.996799 3.5936e-05  0.00316465
0.0813 0.996796 3.59353e-05  0.00316852
0.0814 0.996792 3.59345e-05  0.0031724
0.0815 0.996788 3.59338e-05  0.00317627
0.0816 0.996784 3.59331e-05  0.00318014
0.0817 0.99678 3.59324e-05  0.00318402
0.0818 0.996776 3.59317e-05  0.00318789
0.0819 0.996772 3.5931e-05  0.00319176
0.082 0.996768 3.59303e-05  0.00319564
0.0821 0.996765 3.59296e-05  0.00319951
0.0822 0.996761 3.59289e-05  0.00320338
0.0823 0.996757 3.59282e-05  0.00320725
0.0824 0.996753 3.59275e-05  0.00321113
0.0825 0.996749 3.59268e-05  0.003215
0.0826 0.996745 3.59261e-05  0.00321887
0.0827 0.996741 3.59254e-05  0.00322274
0.0828 0.996737 3.59247e-05  0.00322661
0.0829 0.996734 3.59239e-05  0.00323049
0.083 0.99673 3.59232e-05  0.00323436
0.0831 0.996726 3.59225e-05  0.00323823
0.0832 0.996722 3.59218e-05  0.0032421
0.0833 0.996718 3.59211e-05  0.00324597
0.0834 0.996714 3.59204e-05  0.00324984
0.0835 0.99671 3.59197e-05  0.00325371
0.0836 0.996707 3.5919e-05  0.00325758
0.0837 0.996703 3.59183e-05  0.00326145
0.0838 0.996699 3.59176e-05  0.00326532
0.0839 0.996695 3.59169e-05  0.00326919
0.084 0.996691 3.59162e-05  0.00327306
0.0841 0.996687 3.59155e-05  0.00327693
0.0842 0.996683 3.59148e-05  0.0032808
0.0843 0.996679 3.59141e-05  0.00328467
0.0844 0.996676 3.59133e-05  0.00328854
0.0845 0.996672 3.59126e-05  0.00329241
0.0846 0.996668 3.59119e-05  0.00329628
0.0847 0.996664 3.59112e-05  0.00330015
0.0848 0.99666 3.59105e-05  0.00330402
0.0849 0.996656 3.59098e-05  0.00330789
0.085 0.996652 3.59091e-05  0.00331176
0.0851 0.996648 3.59084e-05  0.00331562
0.0852 0.996645 3.59077e-05  0.00331949
0.0853 0.996641 3.5907e-05  0.00332336
0.0854 0.996637 3.59063e-05  0.00332723
0.0855 0.996633 3.59056e-05  0.0033311
0.0856 0.996629 3.59049e-05  0.00333496
0.0857 0.996625 3.59042e-05  0.00333883
0.0858 0.996621 3.59035e-05  0.0033427
0.0859 0.996618 3.59028e-05  0.00334657
0.086 0.996614 3.59021e-05  0.00335043
0.0861 0.99661 3.59014e-05  0.0033543
0.0862 0.996606 3.59006e-05  0.00335817
0.0863 0.996602 3.58999e-05  0.00336203
0.0864 0.996598 3.58992e-05  0.0033659
0.0865 0.996594 3.58985e-05  0.00336976
0.0866 0.99659 3.58978e-05  0.00337363
0.0867 0.996587 3.58971e-05  0.0033775
0.0868 0.996583 3.58964e-05  0.00338136
0.0869 0.996579 3.58957e-05  0.00338523
0.087 0.996575 3.5895e-05  0.00338909
0.0871 0.996571 3.58943e-05  0.00339296
0.0872 0.996567 3.58936e-05  0.00339682
0.0873 0.996563 3.58929e-05  0.00340069
0.0874 0.99656 3.58922e-05  0.00340455
0.0875 0.996556 3.58915e-05  0.00340842
0.0876 0.996552 3.58908e-05  0.00341228
0.0877 0.996548 3.58901e-05  0.00341615
0.0878 0.996544 3.58894e-05  0.00342001
0.0879 0.99654 3.58887e-05  0.00342388
0.088 0.996536 3.5888e-05  0.00342774
0.0881 0.996533 3.58872e-05  0.0034316
0.0882 0.996529 3.58865e-05  0.00343547
0.0883 0.996525 3.58858e-05  0.00343933
0.0884 0.996521 3.58851e-05  0.00344319
0.0885 0.996517 3.58844e-05  0.00344706
0.0886 0.996513 3.58837e-05  0.00345092
0.0887 0.996509 3.5883e-05  0.00345478
0.0888 0.996505 3.58823e-05  0.00345865
0.0889 0.996502 3.58816e-05  0.00346251
0.089 0.996498 3.58809e-05  0.00346637
0.0891 0.996494 3.58802e-05  0.00347023
0.0892 0.99649 3.58795e-05  0.00347409
0.0893 0.996486 3.58788e-05  0.00347796
0.0894 0.996482 3.58781e-05  0.00348182
0.0895 0.996478 3.58774e-05  0.00348568
0.0896 0.996475 3.58767e-05  0.00348954
0.0897 0.996471 3.5876e-05  0.0034934
0.0898 0.996467 3.58753e-05  0.00349726
0.0899 0.996463 3.58746e-05  0.00350112
