0  1  0  0
0.0003  0.999988  1.15031e-05  4.9679e-07
0.0013  0.999984  1.49523e-05  1.0475e-06
0.00290147  0.999906  4.96053e-05  4.44766e-05
0.00661263  0.999809  4.87571e-05  0.000142314
0.019623  0.999551  4.4049e-05  0.000404655
0.0350251  0.998599  3.92297e-05  0.00136165
0.0507275  0.997665  3.60393e-05  0.00229896
0.064826  0.996529  3.57068e-05  0.00343568
0.064826  0.996529  3.57068e-05  0.00343568
0.064826  0.996529  3.57068e-05  0.00343568
0.064826  0.996529  3.57068e-05  0.00343568
0.064826  0.996529  3.57068e-05  0.00343568
0.064826  0.996529  3.57068e-05  0.00343568
0.064826  0.996529  3.57068e-05  0.00343568
0.064826  0.996529  3.57068e-05  0.00343568
0.064826  0.996529  3.57068e-05  0.00343568
0.064826  0.996529  3.57068e-05  0.00343568
0.064826  0.996529  3.57068e-05  0.00343568
0.064826  0.996529  3.57068e-05  0.00343568
0.064826  0.996529  3.57068e-05  0.00343568
0.064826  0.996529  3.57068e-05  0.00343568
0.064826  0.996529  3.57068e-05  0.00343568
0.064826  0.996529  3.57068e-05  0.00343568
0.064826  0.996529  3.57068e-05  0.00343568
0.064826  0.996529  3.57068e-05  0.00343568
0.064826  0.996529  3.57068e-05  0.00343568
0.064826  0.996529  3.57068e-05  0.00343568
0.064826  0.996529  3.57068e-05  0.00343568
0.064826  0.996529  3.57068e-05  0.00343568
