0 0.999996 3.95198e-06  4.79996e-08
0.0015 0.999936 3.44009e-05  2.95928e-05
0.003 0.999876 3.64254e-05  8.75472e-05
0.0045 0.999816 3.64876e-05  0.000147412
0.006 0.999756 3.64791e-05  0.000207311
0.0075 0.999696 3.64682e-05  0.000267176
0.009 0.999637 3.64571e-05  0.000327004
0.0105 0.999577 3.64461e-05  0.000386796
0.012 0.999517 3.6435e-05  0.000446552
0.0135 0.999457 3.6424e-05  0.000506272
0.015 0.999398 3.6413e-05  0.000565956
0.0165 0.999338 3.6402e-05  0.000625604
0.018 0.999278 3.6391e-05  0.000685216
0.0195 0.999219 3.638e-05  0.000744791
0.021 0.999159 3.6369e-05  0.000804331
0.0225 0.9991 3.6358e-05  0.000863835
0.024 0.99904 3.63471e-05  0.000923303
0.0255 0.998981 3.63361e-05  0.000982735
0.027 0.998922 3.63252e-05  0.00104213
0.0285 0.998862 3.63143e-05  0.00110149
0.03 0.998803 3.63033e-05  0.00116082
0.0315 0.998744 3.62924e-05  0.00122011
0.033 0.998684 3.62815e-05  0.00127936
0.0345 0.998625 3.62706e-05  0.00133858
0.036 0.998566 3.62597e-05  0.00139776
0.0375 0.998507 3.62489e-05  0.00145691
0.039 0.998448 3.6238e-05  0.00151602
0.0405 0.998389 3.62271e-05  0.00157509
0.042 0.99833 3.62163e-05  0.00163413
0.0435 0.998271 3.62055e-05  0.00169314
0.045 0.998212 3.61946e-05  0.00175211
0.0465 0.998153 3.61838e-05  0.00181104
0.048 0.998094 3.6173e-05  0.00186994
0.0495 0.998035 3.61622e-05  0.00192881
0.051 0.997976 3.61514e-05  0.00198764
0.0525 0.997917 3.61406e-05  0.00204643
0.054 0.997859 3.61298e-05  0.00210519
0.0555 0.9978 3.61191e-05  0.00216391
0.057 0.997741 3.61083e-05  0.0022226
0.0585 0.997683 3.60975e-05  0.00228126
0.06 0.997624 3.60868e-05  0.00233988
0.0615 0.997565 3.60761e-05  0.00239846
0.063 0.997507 3.60654e-05  0.00245701
