0 2 1
0.0001 1.99586 1.00384
0.0002 1.9918 1.0076
0.0003 1.98781 1.01129
0.0004 1.9839 1.0149
0.0005 1.98007 1.01843
0.0006 1.9763 1.0219
0.0007 1.97261 1.02529
0.0008 1.96899 1.02861
0.0009 1.96543 1.03187
0.001 1.96195 1.03505
0.0011 1.95852 1.03818
0.0012 1.95517 1.04124
0.0013 1.95187 1.04423
0.0014 1.94864 1.04716
0.0015 1.94547 1.05004
0.0016 1.94235 1.05285
0.0017 1.9393 1.05561
0.0018 1.9363 1.05831
0.0019 1.93336 1.06095
0.002 1.93047 1.06354
0.0021 1.92763 1.06607
0.0022 1.92485 1.06856
0.0023 1.92212 1.07099
0.0024 1.91944 1.07337
0.0025 1.91681 1.0757
0.0026 1.91423 1.07798
0.0027 1.9117 1.08021
0.0028 1.90921 1.0824
0.0029 1.90677 1.08455
0.003 1.90437 1.08664
0.0031 1.90202 1.0887
0.0032 1.89971 1.09071
0.0033 1.89744 1.09268
0.0034 1.89521 1.0946
0.0035 1.89303 1.09649
0.0036 1.89088 1.09834
0.0037 1.88878 1.10015
0.0038 1.88671 1.10192
0.0039 1.88467 1.10365
0.004 1.88268 1.10534
0.0041 1.88072 1.107
0.0042 1.8788 1.10863
0.0043 1.87691 1.11022
0.0044 1.87505 1.11178
0.0045 1.87323 1.1133
0.0046 1.87144 1.11479
0.0047 1.86969 1.11625
0.0048 1.86796 1.11768
0.0049 1.86626 1.11907
0.005 1.8646 1.12044
0.0051 1.86296 1.12178
0.0052 1.86136 1.12309
0.0053 1.85978 1.12437
0.0054 1.85823 1.12562
0.0055 1.8567 1.12684
0.0056 1.8552 1.12804
0.0057 1.85373 1.12922
0.0058 1.85229 1.13036
0.0059 1.85087 1.13149
0.006 1.84947 1.13258
0.0061 1.8481 1.13366
0.0062 1.84675 1.13471
0.0063 1.84543 1.13573
0.0064 1.84412 1.13674
0.0065 1.84284 1.13772
0.0066 1.84159 1.13868
0.0067 1.84035 1.13962
0.0068 1.83913 1.14054
0.0069 1.83794 1.14143
0.007 1.83676 1.14231
0.0071 1.83561 1.14317
0.0072 1.83447 1.14401
0.0073 1.83336 1.14482
0.0074 1.83226 1.14563
0.0075 1.83118 1.14641
0.0076 1.83011 1.14717
0.0077 1.82907 1.14792
0.0078 1.82804 1.14865
0.0079 1.82703 1.14936
0.008 1.82604 1.15006
0.0081 1.82506 1.15074
0.0082 1.8241 1.1514
0.0083 1.82315 1.15205
0.0084 1.82222 1.15269
0.0085 1.8213 1.15331
0.0086 1.8204 1.15391
0.0087 1.81951 1.1545
0.0088 1.81864 1.15508
0.0089 1.81778 1.15564
0.009 1.81693 1.15619
0.0091 1.8161 1.15672
0.0092 1.81528 1.15725
0.0093 1.81447 1.15776
0.0094 1.81368 1.15825
0.0095 1.81289 1.15874
0.0096 1.81212 1.15921
0.0097 1.81137 1.15968
0.0098 1.81062 1.16013
0.0099 1.80988 1.16056
0.01 1.80916 1.16099
0.0101 1.80844 1.16141
0.0102 1.80774 1.16182
0.0103 1.80705 1.16221
0.0104 1.80636 1.1626
0.0105 1.80569 1.16297
0.0106 1.80503 1.16334
0.0107 1.80437 1.1637
0.0108 1.80373 1.16404
0.0109 1.80309 1.16438
0.011 1.80247 1.16471
0.0111 1.80185 1.16503
0.0112 1.80124 1.16534
0.0113 1.80064 1.16565
0.0114 1.80005 1.16594
0.0115 1.79947 1.16623
0.0116 1.7989 1.16651
0.0117 1.79833 1.16678
0.0118 1.79777 1.16704
0.0119 1.79722 1.16729
0.012 1.79667 1.16754
0.0121 1.79614 1.16778
0.0122 1.79561 1.16802
0.0123 1.79508 1.16824
0.0124 1.79457 1.16846
0.0125 1.79406 1.16868
0.0126 1.79355 1.16888
0.0127 1.79306 1.16908
0.0128 1.79257 1.16928
0.0129 1.79208 1.16946
0.013 1.79161 1.16965
0.0131 1.79113 1.16982
0.0132 1.79067 1.16999
0.0133 1.79021 1.17016
0.0134 1.78975 1.17031
0.0135 1.7893 1.17047
0.0136 1.78886 1.17062
0.0137 1.78842 1.17076
0.0138 1.78799 1.1709
0.0139 1.78756 1.17103
0.014 1.78714 1.17116
0.0141 1.78672 1.17128
0.0142 1.78631 1.1714
0.0143 1.7859 1.17151
0.0144 1.78549 1.17162
0.0145 1.78509 1.17172
0.0146 1.7847 1.17182
0.0147 1.78431 1.17192
0.0148 1.78392 1.17201
0.0149 1.78354 1.17209
0.015 1.78316 1.17218
0.0151 1.78278 1.17226
0.0152 1.78241 1.17233
0.0153 1.78205 1.1724
0.0154 1.78168 1.17247
0.0155 1.78132 1.17253
0.0156 1.78097 1.17259
0.0157 1.78062 1.17265
0.0158 1.78027 1.1727
0.0159 1.77992 1.17275
0.016 1.77958 1.1728
0.0161 1.77924 1.17284
0.0162 1.77891 1.17288
0.0163 1.77858 1.17292
0.0164 1.77825 1.17295
0.0165 1.77792 1.17299
0.0166 1.7776 1.17301
0.0167 1.77728 1.17304
0.0168 1.77696 1.17306
0.0169 1.77665 1.17308
0.017 1.77633 1.1731
0.0171 1.77602 1.17311
0.0172 1.77572 1.17312
0.0173 1.77541 1.17313
0.0174 1.77511 1.17314
0.0175 1.77481 1.17314
0.0176 1.77452 1.17314
0.0177 1.77422 1.17314
0.0178 1.77393 1.17314
0.0179 1.77364 1.17314
0.018 1.77335 1.17313
0.0181 1.77307 1.17312
0.0182 1.77279 1.17311
0.0183 1.77251 1.17309
0.0184 1.77223 1.17308
0.0185 1.77195 1.17306
0.0186 1.77168 1.17304
0.0187 1.7714 1.17302
0.0188 1.77113 1.17299
0.0189 1.77086 1.17297
0.019 1.7706 1.17294
0.0191 1.77033 1.17291
0.0192 1.77007 1.17288
0.0193 1.76981 1.17285
0.0194 1.76955 1.17281
0.0195 1.76929 1.17278
0.0196 1.76903 1.17274
0.0197 1.76878 1.1727
0.0198 1.76852 1.17266
0.0199 1.76827 1.17262
0.02 1.76802 1.17258
0.0201 1.76777 1.17253
0.0202 1.76752 1.17248
0.0203 1.76728 1.17244
0.0204 1.76703 1.17239
0.0205 1.76679 1.17234
0.0206 1.76655 1.17228
0.0207 1.76631 1.17223
0.0208 1.76607 1.17218
0.0209 1.76583 1.17212
0.021 1.76559 1.17206
0.0211 1.76536 1.17201
0.0212 1.76512 1.17195
0.0213 1.76489 1.17189
0.0214 1.76466 1.17182
0.0215 1.76443 1.17176
0.0216 1.7642 1.1717
0.0217 1.76397 1.17163
0.0218 1.76374 1.17157
0.0219 1.76351 1.1715
0.022 1.76329 1.17143
0.0221 1.76306 1.17136
0.0222 1.76284 1.17129
0.0223 1.76262 1.17122
0.0224 1.76239 1.17115
0.0225 1.76217 1.17108
0.0226 1.76195 1.17101
0.0227 1.76173 1.17093
0.0228 1.76152 1.17086
0.0229 1.7613 1.17078
0.023 1.76108 1.1707
0.0231 1.76087 1.17063
0.0232 1.76065 1.17055
0.0233 1.76044 1.17047
0.0234 1.76022 1.17039
0.0235 1.76001 1.17031
0.0236 1.7598 1.17023
0.0237 1.75959 1.17015
0.0238 1.75938 1.17006
0.0239 1.75917 1.16998
0.024 1.75896 1.1699
0.0241 1.75875 1.16981
0.0242 1.75854 1.16973
0.0243 1.75834 1.16964
0.0244 1.75813 1.16955
0.0245 1.75793 1.16947
0.0246 1.75772 1.16938
0.0247 1.75752 1.16929
0.0248 1.75731 1.1692
0.0249 1.75711 1.16911
0.025 1.75691 1.16902
0.0251 1.7567 1.16893
0.0252 1.7565 1.16884
0.0253 1.7563 1.16875
0.0254 1.7561 1.16866
0.0255 1.7559 1.16857
0.0256 1.7557 1.16847
0.0257 1.7555 1.16838
0.0258 1.7553 1.16829
0.0259 1.7551 1.16819
0.026 1.75491 1.1681
0.0261 1.75471 1.168
0.0262 1.75451 1.16791
0.0263 1.75432 1.16781
0.0264 1.75412 1.16772
0.0265 1.75392 1.16762
0.0266 1.75373 1.16752
0.0267 1.75354 1.16742
0.0268 1.75334 1.16733
0.0269 1.75315 1.16723
0.027 1.75295 1.16713
0.0271 1.75276 1.16703
0.0272 1.75257 1.16693
0.0273 1.75238 1.16683
0.0274 1.75218 1.16673
0.0275 1.75199 1.16663
0.0276 1.7518 1.16653
0.0277 1.75161 1.16643
0.0278 1.75142 1.16633
0.0279 1.75123 1.16623
0.028 1.75104 1.16613
0.0281 1.75085 1.16602
0.0282 1.75066 1.16592
0.0283 1.75047 1.16582
0.0284 1.75028 1.16572
0.0285 1.75009 1.16561
0.0286 1.74991 1.16551
0.0287 1.74972 1.16541
0.0288 1.74953 1.1653
0.0289 1.74934 1.1652
0.029 1.74916 1.16509
0.0291 1.74897 1.16499
0.0292 1.74878 1.16488
0.0293 1.7486 1.16478
0.0294 1.74841 1.16467
0.0295 1.74822 1.16457
0.0296 1.74804 1.16446
0.0297 1.74785 1.16436
0.0298 1.74767 1.16425
0.0299 1.74748 1.16415
0.03 1.7473 1.16404

