0 1.9959 1.0038
0.0001 1.99187 1.00753
0.0002 1.98792 1.01118
0.0003 1.98405 1.01475
0.0004 1.98025 1.01825
0.0005 1.97651 1.02169
0.0006 1.97285 1.02505
0.0007 1.96926 1.02834
0.0008 1.96573 1.03157
0.0009 1.96227 1.03473
0.001 1.95887 1.03783
0.0011 1.95554 1.04086
0.0012 1.95227 1.04383
0.0013 1.94906 1.04675
0.0014 1.94591 1.0496
0.0015 1.94281 1.05239
0.0016 1.93978 1.05513
0.0017 1.93679 1.05781
0.0018 1.93387 1.06044
0.0019 1.931 1.06301
0.002 1.92818 1.06553
0.0021 1.92541 1.068
0.0022 1.9227 1.07041
0.0023 1.92003 1.07278
0.0024 1.91741 1.0751
0.0025 1.91484 1.07737
0.0026 1.91232 1.07959
0.0027 1.90984 1.08177
0.0028 1.90741 1.0839
0.0029 1.90502 1.08599
0.003 1.90268 1.08804
0.0031 1.90038 1.09004
0.0032 1.89812 1.092
0.0033 1.8959 1.09392
0.0034 1.89372 1.0958
0.0035 1.89158 1.09764
0.0036 1.88947 1.09945
0.0037 1.88741 1.10121
0.0038 1.88538 1.10294
0.0039 1.88339 1.10463
0.004 1.88144 1.10629
0.0041 1.87952 1.10791
0.0042 1.87763 1.1095
0.0043 1.87578 1.11105
0.0044 1.87396 1.11257
0.0045 1.87217 1.11406
0.0046 1.87041 1.11552
0.0047 1.86869 1.11695
0.0048 1.86699 1.11834
0.0049 1.86533 1.11971
0.005 1.86369 1.12105
0.0051 1.86208 1.12236
0.0052 1.86051 1.12364
0.0053 1.85895 1.12489
0.0054 1.85743 1.12612
0.0055 1.85593 1.12732
0.0056 1.85446 1.12849
0.0057 1.85301 1.12964
0.0058 1.85159 1.13077
0.0059 1.85019 1.13187
0.006 1.84882 1.13294
0.0061 1.84746 1.13399
0.0062 1.84614 1.13502
0.0063 1.84483 1.13603
0.0064 1.84355 1.13702
0.0065 1.84229 1.13798
0.0066 1.84105 1.13892
0.0067 1.83983 1.13984
0.0068 1.83863 1.14074
0.0069 1.83745 1.14162
0.007 1.83629 1.14249
0.0071 1.83515 1.14333
0.0072 1.83403 1.14415
0.0073 1.83293 1.14496
0.0074 1.83184 1.14574
0.0075 1.83078 1.14651
0.0076 1.82973 1.14726
0.0077 1.82869 1.148
0.0078 1.82768 1.14872
0.0079 1.82668 1.14942
0.008 1.8257 1.1501
0.0081 1.82473 1.15077
0.0082 1.82378 1.15143
0.0083 1.82284 1.15206
0.0084 1.82192 1.15269
0.0085 1.82101 1.1533
0.0086 1.82012 1.15389
0.0087 1.81924 1.15448
0.0088 1.81838 1.15504
0.0089 1.81753 1.1556
0.009 1.81669 1.15614
0.0091 1.81586 1.15667
0.0092 1.81505 1.15718
0.0093 1.81425 1.15768
0.0094 1.81346 1.15817
0.0095 1.81269 1.15865
0.0096 1.81192 1.15912
0.0097 1.81117 1.15958
0.0098 1.81043 1.16002
0.0099 1.8097 1.16045
0.01 1.80898 1.16088
0.0101 1.80827 1.16129
0.0102 1.80757 1.16169
0.0103 1.80688 1.16208
0.0104 1.8062 1.16246
0.0105 1.80554 1.16283
0.0106 1.80488 1.1632
0.0107 1.80423 1.16355
0.0108 1.80359 1.16389
0.0109 1.80296 1.16423
0.011 1.80233 1.16455
0.0111 1.80172 1.16487
0.0112 1.80112 1.16518
0.0113 1.80052 1.16548
0.0114 1.79993 1.16577
0.0115 1.79935 1.16605
0.0116 1.79878 1.16633
0.0117 1.79821 1.16659
0.0118 1.79766 1.16686
0.0119 1.79711 1.16711
0.012 1.79657 1.16735
0.0121 1.79603 1.16759
0.0122 1.7955 1.16782
0.0123 1.79498 1.16805
0.0124 1.79447 1.16827
0.0125 1.79396 1.16848
0.0126 1.79346 1.16868
0.0127 1.79296 1.16888
0.0128 1.79248 1.16907
0.0129 1.79199 1.16926
0.013 1.79152 1.16944
0.0131 1.79105 1.16962
0.0132 1.79058 1.16978
0.0133 1.79012 1.16995
0.0134 1.78967 1.17011
0.0135 1.78922 1.17026
0.0136 1.78878 1.1704
0.0137 1.78834 1.17055
0.0138 1.78791 1.17068
0.0139 1.78748 1.17082
0.014 1.78706 1.17094
0.0141 1.78664 1.17106
0.0142 1.78623 1.17118
0.0143 1.78582 1.17129
0.0144 1.78541 1.1714
0.0145 1.78501 1.17151
0.0146 1.78462 1.17161
0.0147 1.78423 1.1717
0.0148 1.78384 1.17179
0.0149 1.78346 1.17188
0.015 1.78308 1.17196
0.0151 1.78271 1.17204
0.0152 1.78234 1.17212
0.0153 1.78197 1.17219
0.0154 1.78161 1.17225
0.0155 1.78125 1.17232
0.0156 1.78089 1.17238
0.0157 1.78054 1.17244
0.0158 1.78019 1.17249
0.0159 1.77984 1.17254
0.016 1.7795 1.17259
0.0161 1.77916 1.17263
0.0162 1.77883 1.17267
0.0163 1.7785 1.17271
0.0164 1.77817 1.17274
0.0165 1.77784 1.17277
0.0166 1.77752 1.1728
0.0167 1.7772 1.17283
0.0168 1.77688 1.17285
0.0169 1.77656 1.17287
0.017 1.77625 1.17289
0.0171 1.77594 1.1729
0.0172 1.77563 1.17292
0.0173 1.77533 1.17292
0.0174 1.77503 1.17293
0.0175 1.77473 1.17294
0.0176 1.77443 1.17294
0.0177 1.77414 1.17294
0.0178 1.77384 1.17294
0.0179 1.77355 1.17293
0.018 1.77327 1.17293
0.0181 1.77298 1.17292
0.0182 1.7727 1.17291
0.0183 1.77242 1.17289
0.0184 1.77214 1.17288
0.0185 1.77186 1.17286
0.0186 1.77158 1.17284
0.0187 1.77131 1.17282
0.0188 1.77104 1.1728
0.0189 1.77077 1.17277
0.019 1.7705 1.17274
0.0191 1.77024 1.17272
0.0192 1.76997 1.17269
0.0193 1.76971 1.17265
0.0194 1.76945 1.17262
0.0195 1.76919 1.17259
0.0196 1.76893 1.17255
0.0197 1.76868 1.17251
0.0198 1.76842 1.17247
0.0199 1.76817 1.17243
0.02 1.76792 1.17239
0.0201 1.76767 1.17234
0.0202 1.76742 1.1723
0.0203 1.76717 1.17225
0.0204 1.76693 1.1722
0.0205 1.76668 1.17215
0.0206 1.76644 1.1721
0.0207 1.7662 1.17205
0.0208 1.76596 1.17199
0.0209 1.76572 1.17194
0.021 1.76548 1.17188
0.0211 1.76525 1.17182
0.0212 1.76501 1.17177
0.0213 1.76478 1.17171
0.0214 1.76455 1.17165
0.0215 1.76431 1.17158
0.0216 1.76408 1.17152
0.0217 1.76385 1.17146
0.0218 1.76363 1.17139
0.0219 1.7634 1.17133
0.022 1.76317 1.17126
0.0221 1.76295 1.17119
0.0222 1.76272 1.17112
0.0223 1.7625 1.17105
0.0224 1.76228 1.17098
0.0225 1.76206 1.17091
0.0226 1.76183 1.17084
0.0227 1.76162 1.17076
0.0228 1.7614 1.17069
0.0229 1.76118 1.17061
0.023 1.76096 1.17054
0.0231 1.76074 1.17046
0.0232 1.76053 1.17038
0.0233 1.76031 1.1703
0.0234 1.7601 1.17022
0.0235 1.75989 1.17014
0.0236 1.75968 1.17006
0.0237 1.75946 1.16998
0.0238 1.75925 1.1699
0.0239 1.75904 1.16982
0.024 1.75883 1.16974
0.0241 1.75862 1.16965
0.0242 1.75842 1.16957
0.0243 1.75821 1.16948
0.0244 1.758 1.1694
0.0245 1.75779 1.16931
0.0246 1.75759 1.16922
0.0247 1.75738 1.16913
0.0248 1.75718 1.16905
0.0249 1.75698 1.16896
0.025 1.75677 1.16887
0.0251 1.75657 1.16878
0.0252 1.75637 1.16869
0.0253 1.75617 1.1686
0.0254 1.75596 1.16851
0.0255 1.75576 1.16841
0.0256 1.75556 1.16832
0.0257 1.75536 1.16823
0.0258 1.75517 1.16814
0.0259 1.75497 1.16804
0.026 1.75477 1.16795
0.0261 1.75457 1.16785
0.0262 1.75437 1.16776
0.0263 1.75418 1.16766
0.0264 1.75398 1.16757
0.0265 1.75378 1.16747
0.0266 1.75359 1.16737
0.0267 1.75339 1.16728
0.0268 1.7532 1.16718
0.0269 1.75301 1.16708
0.027 1.75281 1.16698
0.0271 1.75262 1.16689
0.0272 1.75242 1.16679
0.0273 1.75223 1.16669
0.0274 1.75204 1.16659
0.0275 1.75185 1.16649
0.0276 1.75166 1.16639
0.0277 1.75146 1.16629
0.0278 1.75127 1.16619
0.0279 1.75108 1.16609
0.028 1.75089 1.16598
0.0281 1.7507 1.16588
0.0282 1.75051 1.16578
0.0283 1.75032 1.16568
0.0284 1.75013 1.16558
0.0285 1.74995 1.16547
0.0286 1.74976 1.16537
0.0287 1.74957 1.16527
0.0288 1.74938 1.16516
0.0289 1.74919 1.16506
0.029 1.74901 1.16496
0.0291 1.74882 1.16485
0.0292 1.74863 1.16475
0.0293 1.74845 1.16464
0.0294 1.74826 1.16454
0.0295 1.74807 1.16443
0.0296 1.74789 1.16433
0.0297 1.7477 1.16422
0.0298 1.74752 1.16412
0.0299 1.74733 1.16401
0.03 1.74715 1.1639

