0 2 1
0.0001 1.96995 1.0002
0.0002 1.9402 1.00039
0.0003 1.91075 1.00059
0.0004 1.88159 1.00078
0.0005 1.85273 1.00096
0.0006 1.82415 1.00115
0.0007 1.79585 1.00133
0.0008 1.76784 1.00151
0.0009 1.74011 1.00168
0.001 1.71266 1.00185
0.0011 1.68548 1.00202
0.0012 1.65857 1.00219
0.0013 1.63193 1.00236
0.0014 1.60556 1.00252
0.0015 1.57945 1.00268
0.0016 1.5536 1.00283
0.0017 1.52801 1.00299
0.0018 1.50267 1.00314
0.0019 1.47759 1.00329
0.002 1.45276 1.00343
0.0021 1.42817 1.00358
0.0022 1.40384 1.00372
0.0023 1.37974 1.00386
0.0024 1.35589 1.004
0.0025 1.33227 1.00413
0.0026 1.30889 1.00426
0.0027 1.28575 1.00439
0.0028 1.26283 1.00452
0.0029 1.24015 1.00464
0.003 1.21769 1.00477
0.0031 1.19545 1.00489
0.0032 1.17344 1.00501
0.0033 1.15165 1.00512
0.0034 1.13007 1.00524
0.0035 1.10872 1.00535
0.0036 1.08757 1.00546
0.0037 1.06664 1.00557
0.0038 1.04591 1.00567
0.0039 1.02539 1.00578
0.004 1.00508 1.00588
0.0041 0.984974 1.00598
0.0042 0.965066 1.00607
0.0043 0.945357 1.00617
0.0044 0.925846 1.00626
0.0045 0.906529 1.00636
0.0046 0.887406 1.00644
0.0047 0.868474 1.00653
0.0048 0.849732 1.00662
0.0049 0.831177 1.0067
0.005 0.812807 1.00678
0.0051 0.794622 1.00687
0.0052 0.776618 1.00694
0.0053 0.758795 1.00702
0.0054 0.741149 1.0071
0.0055 0.723681 1.00717
0.0056 0.706387 1.00724
0.0057 0.689266 1.00731
0.0058 0.672317 1.00738
0.0059 0.655538 1.00744
0.006 0.638926 1.00751
0.0061 0.62248 1.00757
0.0062 0.6062 1.00763
0.0063 0.590082 1.00769
0.0064 0.574126 1.00775
0.0065 0.558329 1.00781
0.0066 0.542691 1.00786
0.0067 0.527209 1.00792
0.0068 0.511882 1.00797
0.0069 0.496709 1.00802
0.007 0.481688 1.00807
0.0071 0.466817 1.00812
0.0072 0.452095 1.00816
0.0073 0.437521 1.00821
0.0074 0.423093 1.00825
0.0075 0.408809 1.00829
0.0076 0.394669 1.00833
0.0077 0.38067 1.00837
0.0078 0.366811 1.00841
0.0079 0.353092 1.00844
0.008 0.339509 1.00848
0.0081 0.326063 1.00851
0.0082 0.312752 1.00854
0.0083 0.299575 1.00857
0.0084 0.286529 1.0086
0.0085 0.273614 1.00863
0.0086 0.260829 1.00866
0.0087 0.248172 1.00868
0.0088 0.235642 1.00871
0.0089 0.223237 1.00873
0.009 0.210957 1.00875
0.0091 0.198801 1.00877
0.0092 0.186766 1.00879
0.0093 0.174852 1.00881
0.0094 0.163057 1.00883
0.0095 0.151381 1.00884
0.0096 0.139822 1.00886
0.0097 0.128379 1.00887
0.0098 0.117051 1.00888
0.0099 0.105837 1.00889
0.01 0.0947348 1.0089
0.0101 0.0837445 1.00891
0.0102 0.0728646 1.00892
0.0103 0.0620939 1.00893
0.0104 0.0514314 1.00893
0.0105 0.040876 1.00894
0.0106 0.0304266 1.00894
0.0107 0.0200822 1.00894
0.0108 0.00984172 1.00894
0.0109 -0.000295851 1.00895
0.011 -0.0103315 1.00894
0.0111 -0.0202664 1.00894
0.0112 -0.0301014 1.00894
0.0113 -0.0398375 1.00894
0.0114 -0.0494757 1.00893
0.0115 -0.0590171 1.00893
0.0116 -0.0684624 1.00892
0.0117 -0.0778128 1.00891
0.0118 -0.0870692 1.00891
0.0119 -0.0962325 1.0089
0.012 -0.105304 1.00889
0.0121 -0.114283 1.00888
0.0122 -0.123173 1.00886
0.0123 -0.131973 1.00885
0.0124 -0.140684 1.00884
0.0125 -0.149308 1.00882
0.0126 -0.157845 1.00881
0.0127 -0.166296 1.00879
0.0128 -0.174662 1.00877
0.0129 -0.182944 1.00876
0.013 -0.191142 1.00874
0.0131 -0.199258 1.00872
0.0132 -0.207291 1.0087
0.0133 -0.215244 1.00868
0.0134 -0.223117 1.00865
0.0135 -0.230911 1.00863
0.0136 -0.238626 1.00861
0.0137 -0.246263 1.00858
0.0138 -0.253823 1.00856
0.0139 -0.261307 1.00853
0.014 -0.268716 1.00851
0.0141 -0.27605 1.00848
0.0142 -0.283309 1.00845
0.0143 -0.290496 1.00842
0.0144 -0.29761 1.00839
0.0145 -0.304652 1.00836
0.0146 -0.311624 1.00833
0.0147 -0.318524 1.0083
0.0148 -0.325356 1.00827
0.0149 -0.332118 1.00824
0.015 -0.338812 1.0082
0.0151 -0.345438 1.00817
0.0152 -0.351998 1.00813
0.0153 -0.358491 1.0081
0.0154 -0.364918 1.00806
0.0155 -0.371281 1.00802
0.0156 -0.377579 1.00799
0.0157 -0.383814 1.00795
0.0158 -0.389985 1.00791
0.0159 -0.396094 1.00787
0.016 -0.402142 1.00783
0.0161 -0.408128 1.00779
0.0162 -0.414054 1.00775
0.0163 -0.419919 1.00771
0.0164 -0.425726 1.00767
0.0165 -0.431473 1.00762
0.0166 -0.437162 1.00758
0.0167 -0.442794 1.00754
0.0168 -0.448369 1.00749
0.0169 -0.453887 1.00745
0.017 -0.459349 1.0074
0.0171 -0.464756 1.00735
0.0172 -0.470109 1.00731
0.0173 -0.475407 1.00726
0.0174 -0.480651 1.00721
0.0175 -0.485842 1.00716
0.0176 -0.49098 1.00711
0.0177 -0.496067 1.00707
0.0178 -0.501101 1.00702
0.0179 -0.506085 1.00697
0.018 -0.511018 1.00691
0.0181 -0.515901 1.00686
0.0182 -0.520734 1.00681
0.0183 -0.525518 1.00676
0.0184 -0.530254 1.00671
0.0185 -0.534941 1.00665
0.0186 -0.539581 1.0066
0.0187 -0.544174 1.00654
0.0188 -0.54872 1.00649
0.0189 -0.55322 1.00644
0.019 -0.557674 1.00638
0.0191 -0.562083 1.00632
0.0192 -0.566446 1.00627
0.0193 -0.570766 1.00621
0.0194 -0.575041 1.00615
0.0195 -0.579273 1.0061
0.0196 -0.583462 1.00604
0.0197 -0.587608 1.00598
0.0198 -0.591712 1.00592
0.0199 -0.595774 1.00586
0.02 -0.599795 1.0058
0.0201 -0.603774 1.00574
0.0202 -0.607713 1.00568
0.0203 -0.611612 1.00562
0.0204 -0.615471 1.00556
0.0205 -0.619291 1.0055
0.0206 -0.623072 1.00543
0.0207 -0.626814 1.00537
0.0208 -0.630518 1.00531
0.0209 -0.634184 1.00525
0.021 -0.637812 1.00518
0.0211 -0.641404 1.00512
0.0212 -0.644958 1.00505
0.0213 -0.648477 1.00499
0.0214 -0.651959 1.00492
0.0215 -0.655406 1.00486
0.0216 -0.658817 1.00479
0.0217 -0.662194 1.00473
0.0218 -0.665535 1.00466
0.0219 -0.668843 1.00459
0.022 -0.672117 1.00453
0.0221 -0.675357 1.00446
0.0222 -0.678564 1.00439
0.0223 -0.681738 1.00432
0.0224 -0.684879 1.00425
0.0225 -0.687988 1.00419
0.0226 -0.691066 1.00412
0.0227 -0.694111 1.00405
0.0228 -0.697126 1.00398
0.0229 -0.700109 1.00391
0.023 -0.703062 1.00384
0.0231 -0.705984 1.00377
0.0232 -0.708876 1.0037
0.0233 -0.711739 1.00363
0.0234 -0.714572 1.00355
0.0235 -0.717376 1.00348
0.0236 -0.720151 1.00341
0.0237 -0.722897 1.00334
0.0238 -0.725615 1.00327
0.0239 -0.728305 1.00319
0.024 -0.730967 1.00312
0.0241 -0.733602 1.00305
0.0242 -0.73621 1.00297
0.0243 -0.73879 1.0029
0.0244 -0.741344 1.00283
0.0245 -0.743872 1.00275
0.0246 -0.746373 1.00268
0.0247 -0.748849 1.0026
0.0248 -0.751298 1.00253
0.0249 -0.753723 1.00245
0.025 -0.756122 1.00238
0.0251 -0.758497 1.0023
0.0252 -0.760847 1.00223
0.0253 -0.763172 1.00215
0.0254 -0.765474 1.00207
0.0255 -0.767751 1.002
0.0256 -0.770005 1.00192
0.0257 -0.772236 1.00184
0.0258 -0.774443 1.00177
0.0259 -0.776627 1.00169
0.026 -0.778789 1.00161
0.0261 -0.780928 1.00153
0.0262 -0.783045 1.00145
0.0263 -0.78514 1.00138
0.0264 -0.787213 1.0013
0.0265 -0.789264 1.00122
0.0266 -0.791294 1.00114
0.0267 -0.793303 1.00106
0.0268 -0.79529 1.00098
0.0269 -0.797258 1.0009
0.027 -0.799204 1.00082
0.0271 -0.80113 1.00074
0.0272 -0.803036 1.00066
0.0273 -0.804922 1.00058
0.0274 -0.806788 1.0005
0.0275 -0.808635 1.00042
0.0276 -0.810462 1.00034
0.0277 -0.81227 1.00026
0.0278 -0.81406 1.00018
0.0279 -0.81583 1.00009
0.028 -0.817582 1.00001
0.0281 -0.819315 0.99993
0.0282 -0.82103 0.999848
0.0283 -0.822727 0.999766
0.0284 -0.824407 0.999684
0.0285 -0.826068 0.999601
0.0286 -0.827712 0.999518
0.0287 -0.829339 0.999435
0.0288 -0.830948 0.999352
0.0289 -0.832541 0.999269
0.029 -0.834116 0.999186
0.0291 -0.835675 0.999102
0.0292 -0.837218 0.999019
0.0293 -0.838744 0.998935
0.0294 -0.840254 0.998851
0.0295 -0.841748 0.998767
0.0296 -0.843226 0.998683
0.0297 -0.844688 0.998598
0.0298 -0.846135 0.998514
0.0299 -0.847567 0.998429
0.03 -0.848983 0.998344
 time spent : 0.059965seconds
