0 1.9701 1.0002
0.0001 1.9404 1.00039
0.0002 1.91096 1.00058
0.0003 1.88181 1.00077
0.0004 1.85294 1.00096
0.0005 1.82436 1.00114
0.0006 1.79606 1.00133
0.0007 1.76805 1.0015
0.0008 1.74031 1.00168
0.0009 1.71286 1.00185
0.001 1.68567 1.00202
0.0011 1.65876 1.00219
0.0012 1.63212 1.00235
0.0013 1.60574 1.00252
0.0014 1.57963 1.00267
0.0015 1.55378 1.00283
0.0016 1.52819 1.00299
0.0017 1.50285 1.00314
0.0018 1.47776 1.00329
0.0019 1.45293 1.00343
0.002 1.42834 1.00358
0.0021 1.404 1.00372
0.0022 1.3799 1.00386
0.0023 1.35605 1.00399
0.0024 1.33243 1.00413
0.0025 1.30905 1.00426
0.0026 1.2859 1.00439
0.0027 1.26298 1.00452
0.0028 1.24029 1.00464
0.0029 1.21783 1.00477
0.003 1.1956 1.00489
0.0031 1.17358 1.00501
0.0032 1.15179 1.00512
0.0033 1.13021 1.00524
0.0034 1.10885 1.00535
0.0035 1.0877 1.00546
0.0036 1.06677 1.00557
0.0037 1.04604 1.00567
0.0038 1.02552 1.00577
0.0039 1.00521 1.00588
0.004 0.985098 1.00598
0.0041 0.965188 1.00607
0.0042 0.945478 1.00617
0.0043 0.925964 1.00626
0.0044 0.906646 1.00635
0.0045 0.887521 1.00644
0.0046 0.868587 1.00653
0.0047 0.849843 1.00662
0.0048 0.831286 1.0067
0.0049 0.812915 1.00678
0.005 0.794728 1.00686
0.0051 0.776722 1.00694
0.0052 0.758897 1.00702
0.0053 0.741251 1.00709
0.0054 0.72378 1.00717
0.0055 0.706485 1.00724
0.0056 0.689363 1.00731
0.0057 0.672412 1.00738
0.0058 0.655631 1.00744
0.0059 0.639018 1.00751
0.006 0.622571 1.00757
0.0061 0.606289 1.00763
0.0062 0.59017 1.00769
0.0063 0.574212 1.00775
0.0064 0.558414 1.00781
0.0065 0.542774 1.00786
0.0066 0.527291 1.00792
0.0067 0.511963 1.00797
0.0068 0.496788 1.00802
0.0069 0.481766 1.00807
0.007 0.466894 1.00811
0.0071 0.452171 1.00816
0.0072 0.437595 1.00821
0.0073 0.423166 1.00825
0.0074 0.408881 1.00829
0.0075 0.394739 1.00833
0.0076 0.380739 1.00837
0.0077 0.36688 1.00841
0.0078 0.353159 1.00844
0.0079 0.339575 1.00848
0.008 0.326128 1.00851
0.0081 0.312816 1.00854
0.0082 0.299637 1.00857
0.0083 0.286591 1.0086
0.0084 0.273675 1.00863
0.0085 0.260889 1.00866
0.0086 0.24823 1.00868
0.0087 0.235699 1.00871
0.0088 0.223294 1.00873
0.0089 0.211013 1.00875
0.009 0.198855 1.00877
0.0091 0.186819 1.00879
0.0092 0.174904 1.00881
0.0093 0.163109 1.00883
0.0094 0.151432 1.00884
0.0095 0.139872 1.00886
0.0096 0.128428 1.00887
0.0097 0.117099 1.00888
0.0098 0.105884 1.00889
0.0099 0.0947814 1.0089
0.01 0.0837903 1.00891
0.0101 0.0729095 1.00892
0.0102 0.062138 1.00893
0.0103 0.0514747 1.00893
0.0104 0.0409185 1.00894
0.0105 0.0304683 1.00894
0.0106 0.0201231 1.00894
0.0107 0.00988192 1.00894
0.0108 -0.000256394 1.00894
0.0109 -0.0102928 1.00894
0.011 -0.0202284 1.00894
0.0111 -0.0300641 1.00894
0.0112 -0.0398009 1.00894
0.0113 -0.0494398 1.00893
0.0114 -0.0589818 1.00893
0.0115 -0.0684279 1.00892
0.0116 -0.077779 1.00891
0.0117 -0.087036 1.00891
0.0118 -0.0961999 1.0089
0.0119 -0.105272 1.00889
0.012 -0.114252 1.00887
0.0121 -0.123142 1.00886
0.0122 -0.131943 1.00885
0.0123 -0.140655 1.00884
0.0124 -0.149279 1.00882
0.0125 -0.157817 1.00881
0.0126 -0.166268 1.00879
0.0127 -0.174635 1.00877
0.0128 -0.182917 1.00876
0.0129 -0.191116 1.00874
0.013 -0.199232 1.00872
0.0131 -0.207266 1.0087
0.0132 -0.21522 1.00868
0.0133 -0.223093 1.00865
0.0134 -0.230887 1.00863
0.0135 -0.238603 1.00861
0.0136 -0.24624 1.00858
0.0137 -0.253801 1.00856
0.0138 -0.261286 1.00853
0.0139 -0.268695 1.00851
0.014 -0.276029 1.00848
0.0141 -0.283289 1.00845
0.0142 -0.290476 1.00842
0.0143 -0.297591 1.00839
0.0144 -0.304633 1.00836
0.0145 -0.311605 1.00833
0.0146 -0.318506 1.0083
0.0147 -0.325338 1.00827
0.0148 -0.332101 1.00824
0.0149 -0.338795 1.0082
0.015 -0.345422 1.00817
0.0151 -0.351981 1.00813
0.0152 -0.358475 1.0081
0.0153 -0.364903 1.00806
0.0154 -0.371266 1.00802
0.0155 -0.377564 1.00799
0.0156 -0.383799 1.00795
0.0157 -0.389971 1.00791
0.0158 -0.396081 1.00787
0.0159 -0.402129 1.00783
0.016 -0.408115 1.00779
0.0161 -0.414041 1.00775
0.0162 -0.419907 1.00771
0.0163 -0.425714 1.00767
0.0164 -0.431462 1.00762
0.0165 -0.437151 1.00758
0.0166 -0.442783 1.00754
0.0167 -0.448358 1.00749
0.0168 -0.453877 1.00745
0.0169 -0.459339 1.0074
0.017 -0.464747 1.00735
0.0171 -0.470099 1.00731
0.0172 -0.475397 1.00726
0.0173 -0.480642 1.00721
0.0174 -0.485833 1.00716
0.0175 -0.490972 1.00711
0.0176 -0.496058 1.00707
0.0177 -0.501093 1.00702
0.0178 -0.506077 1.00697
0.0179 -0.51101 1.00691
0.018 -0.515894 1.00686
0.0181 -0.520727 1.00681
0.0182 -0.525512 1.00676
0.0183 -0.530247 1.00671
0.0184 -0.534935 1.00665
0.0185 -0.539575 1.0066
0.0186 -0.544168 1.00654
0.0187 -0.548714 1.00649
0.0188 -0.553214 1.00644
0.0189 -0.557669 1.00638
0.019 -0.562078 1.00632
0.0191 -0.566442 1.00627
0.0192 -0.570761 1.00621
0.0193 -0.575037 1.00615
0.0194 -0.579269 1.0061
0.0195 -0.583458 1.00604
0.0196 -0.587604 1.00598
0.0197 -0.591708 1.00592
0.0198 -0.595771 1.00586
0.0199 -0.599791 1.0058
0.02 -0.603771 1.00574
0.0201 -0.60771 1.00568
0.0202 -0.61161 1.00562
0.0203 -0.615469 1.00556
0.0204 -0.619289 1.0055
0.0205 -0.623069 1.00543
0.0206 -0.626812 1.00537
0.0207 -0.630516 1.00531
0.0208 -0.634182 1.00525
0.0209 -0.63781 1.00518
0.021 -0.641402 1.00512
0.0211 -0.644957 1.00505
0.0212 -0.648475 1.00499
0.0213 -0.651958 1.00492
0.0214 -0.655405 1.00486
0.0215 -0.658816 1.00479
0.0216 -0.662193 1.00473
0.0217 -0.665535 1.00466
0.0218 -0.668842 1.00459
0.0219 -0.672116 1.00453
0.022 -0.675357 1.00446
0.0221 -0.678564 1.00439
0.0222 -0.681738 1.00432
0.0223 -0.684879 1.00425
0.0224 -0.687989 1.00419
0.0225 -0.691066 1.00412
0.0226 -0.694112 1.00405
0.0227 -0.697126 1.00398
0.0228 -0.70011 1.00391
0.0229 -0.703062 1.00384
0.023 -0.705985 1.00377
0.0231 -0.708877 1.0037
0.0232 -0.71174 1.00363
0.0233 -0.714573 1.00355
0.0234 -0.717377 1.00348
0.0235 -0.720152 1.00341
0.0236 -0.722898 1.00334
0.0237 -0.725616 1.00327
0.0238 -0.728306 1.00319
0.0239 -0.730969 1.00312
0.024 -0.733604 1.00305
0.0241 -0.736211 1.00297
0.0242 -0.738792 1.0029
0.0243 -0.741346 1.00283
0.0244 -0.743873 1.00275
0.0245 -0.746375 1.00268
0.0246 -0.748851 1.0026
0.0247 -0.7513 1.00253
0.0248 -0.753725 1.00245
0.0249 -0.756125 1.00238
0.025 -0.758499 1.0023
0.0251 -0.760849 1.00223
0.0252 -0.763175 1.00215
0.0253 -0.765476 1.00207
0.0254 -0.767754 1.002
0.0255 -0.770008 1.00192
0.0256 -0.772238 1.00184
0.0257 -0.774446 1.00177
0.0258 -0.77663 1.00169
0.0259 -0.778792 1.00161
0.026 -0.780931 1.00153
0.0261 -0.783048 1.00145
0.0262 -0.785143 1.00138
0.0263 -0.787216 1.0013
0.0264 -0.789267 1.00122
0.0265 -0.791297 1.00114
0.0266 -0.793306 1.00106
0.0267 -0.795294 1.00098
0.0268 -0.797261 1.0009
0.0269 -0.799207 1.00082
0.027 -0.801133 1.00074
0.0271 -0.803039 1.00066
0.0272 -0.804925 1.00058
0.0273 -0.806792 1.0005
0.0274 -0.808638 1.00042
0.0275 -0.810466 1.00034
0.0276 -0.812274 1.00026
0.0277 -0.814063 1.00018
0.0278 -0.815833 1.00009
0.0279 -0.817585 1.00001
0.028 -0.819319 0.99993
0.0281 -0.821034 0.999848
0.0282 -0.822731 0.999766
0.0283 -0.82441 0.999684
0.0284 -0.826072 0.999601
0.0285 -0.827716 0.999518
0.0286 -0.829342 0.999435
0.0287 -0.830952 0.999352
0.0288 -0.832544 0.999269
0.0289 -0.83412 0.999186
0.029 -0.835679 0.999102
0.0291 -0.837222 0.999019
0.0292 -0.838748 0.998935
0.0293 -0.840258 0.998851
0.0294 -0.841752 0.998767
0.0295 -0.84323 0.998683
0.0296 -0.844692 0.998598
0.0297 -0.846139 0.998514
0.0298 -0.847571 0.998429
0.0299 -0.848987 0.998344
0.03 -0.850388 0.998259
 time spent : 0.034792seconds
