0  2  1
0.0002  1.9404  1.00039
0.0003  1.91096  1.00058
0.000599718  1.82444  1.00114
0.00107534  1.69232  1.00198
0.00171895  1.52319  1.00302
0.00171895  1.52319  1.00302
0.0025652  1.31667  1.00422
0.0036836  1.06904  1.00556
0.00473548  0.860144  1.00658
0.00473548  0.860144  1.00658
0.00560271  0.703909  1.00726
0.00560271  0.703909  1.00726
0.00634388  0.580891  1.00774
0.00716591  0.45481  1.00817
0.00789957  0.350808  1.00847
0.00789957  0.350808  1.00847
0.00871493  0.243906  1.00871
0.00952732  0.145792  1.00887
0.00952732  0.145792  1.00887
0.0104805  0.0404525  1.00896
0.0114488  -0.0566843  1.00896
0.0114488  -0.0566843  1.00896
0.012522  -0.153816  1.00885
0.0136407  -0.244444  1.00863
0.0136407  -0.244444  1.00863
0.0148212  -0.329575  1.00829
0.0161291  -0.412731  1.00781
0.0174579  -0.486609  1.00721
0.0174579  -0.486609  1.00721
0.0188055  -0.551947  1.00652
0.0202829  -0.613951  1.00566
0.0217415  -0.666568  1.00473
0.0217415  -0.666568  1.00473
0.023268  -0.713762  1.00368
0.0248703  -0.755874  1.0025
0.0266721  -0.795545  1.00111
0.0285178  -0.829083  0.999613
0.0307749  -0.862125  0.997709
0.0327994  -0.88559  0.995943
0.0327994  -0.88559  0.995943
0.0351123  -0.906697  0.993874
0.0372478  -0.921805  0.991924
0.0372478  -0.921805  0.991924
0.0398492  -0.93578  0.989511
0.0423801  -0.945692  0.987132
0.0461768  -0.955622  0.983527
0.0494165  -0.960568  0.980426
0.0494165  -0.960568  0.980426
0.0494165  -0.960568  0.980426
0.0533219  -0.963554  0.976672
0.0570679  -0.964279  0.973063
0.0623725  -0.963071  0.967954
0.067661  -0.960219  0.962871
0.0753053  -0.954573  0.955555
0.0831202  -0.947854  0.948123
0.0940303  -0.937896  0.937839
0.106786  -0.926056  0.925952
0.125485  -0.908857  0.908797
0.154025  -0.883234  0.883221
0.210862  -0.83439  0.834395
0.309829  -0.755634  0.755636
0.309829  -0.755634  0.755636
0.459588  -0.650079  0.650079
0.64709  -0.538022  0.538022
0.840162  -0.442506  0.442506
0.840162  -0.442506  0.442506
0.988749  -0.380794  0.380794
0.988749  -0.380794  0.380794
0.988749  -0.380794  0.380794
1.09794  -0.341136  0.341136
1.09794  -0.341136  0.341136
1.20056  -0.307699  0.307699
1.3032  -0.27756  0.27756
1.43844  -0.242276  0.242276
1.57681  -0.210782  0.210782
1.57681  -0.210782  0.210782
1.77054  -0.173328  0.173328
1.93397  -0.146934  0.146934
1.93397  -0.146934  0.146934
2.0997  -0.124273  0.124273
2.265  -0.105152  0.105152
2.47476  -0.0850128  0.0850128
2.6792  -0.0690717  0.0690717
2.6792  -0.0690717  0.0690717
2.9269  -0.0536506  0.0536506
3.16469  -0.0420685  0.0420685
3.16469  -0.0420685  0.0420685
3.44977  -0.0313798  0.0313798
3.7283  -0.0235381  0.0235381
4.11596  -0.0156808  0.0156808
4.46351  -0.0108573  0.0108573
4.46351  -0.0108573  0.0108573
4.91644  -0.00665952  0.00665952
5.34123  -0.00417921  0.00417921
5.9624  -0.00203482  0.00203482
6.56063  -0.000967009  0.000967009
7.44122  -0.000245094  0.000245094
8.35435  4.6328e-06  -4.63263e-06
9.67303  7.57708e-05  -7.57707e-05
11.3154  5.22178e-05  -5.22178e-05
13.9316  1.44788e-05  -1.44788e-05
18.4942  -2.92951e-06  2.92951e-06
32.9485  -2.9054e-06  2.9054e-06
56.5137  -1.88049e-07  1.88046e-07
