0  1  0  0
0.0003  0.999988  1.13804e-05  6.25017e-07
0.0013  0.999948  3.2709e-05  1.93089e-05
0.00242478  0.999666  8.46955e-05  0.000249199
0.00373262  0.999475  6.19109e-05  0.00046308
0.00627369  0.998942  5.09535e-05  0.00100769
0.00866624  0.998162  4.2443e-05  0.00179624
0.0110284  0.997645  3.46354e-05  0.00232117
0.0110284  0.997645  3.46354e-05  0.00232117
0.0110284  0.997645  3.46354e-05  0.00232117
0.0110284  0.997645  3.46354e-05  0.00232117
0.0110284  0.997645  3.46354e-05  0.00232117
0.0110284  0.997645  3.46354e-05  0.00232117
0.0110284  0.997645  3.46354e-05  0.00232117
0.0110284  0.997645  3.46354e-05  0.00232117
0.0110284  0.997645  3.46354e-05  0.00232117
0.0110284  0.997645  3.46354e-05  0.00232117
0.0110284  0.997645  3.46354e-05  0.00232117
0.0110284  0.997645  3.46354e-05  0.00232117
0.0110284  0.997645  3.46354e-05  0.00232117
0.0110284  0.997645  3.46354e-05  0.00232117
0.0110284  0.997645  3.46354e-05  0.00232117
0.0110284  0.997645  3.46354e-05  0.00232117
0.0110284  0.997645  3.46354e-05  0.00232117
0.0110284  0.997645  3.46354e-05  0.00232117
0.0110284  0.997645  3.46354e-05  0.00232117
0.0110284  0.997645  3.46354e-05  0.00232117
0.0110284  0.997645  3.46354e-05  0.00232117
0.0110284  0.997645  3.46354e-05  0.00232117
0.0110284  0.997645  3.46354e-05  0.00232117
