0 0.999996 3.95198e-06  4.79996e-08
0.0001 0.999992 7.81385e-06  1.8611e-07
0.0002 0.999988 1.15031e-05  4.9679e-07
0.0003 0.999984 1.49523e-05  1.0475e-06
0.0004 0.99998 1.81126e-05  1.88719e-06
0.0005 0.999976 2.09544e-05  3.04526e-06
0.0006 0.999972 2.34668e-05  4.53266e-06
0.0007 0.999968 2.56545e-05  6.34476e-06
0.0008 0.999964 2.75339e-05  8.46502e-06
0.0009 0.99996 2.91297e-05  1.08688e-05
0.001 0.999956 3.0471e-05  1.35271e-05
0.0011 0.999952 3.15886e-05  1.64088e-05
0.0012 0.999948 3.25131e-05  1.94836e-05
0.0013 0.999944 3.32731e-05  2.27227e-05
0.0014 0.99994 3.38947e-05  2.61002e-05
0.0015 0.999936 3.44009e-05  2.95928e-05
0.0016 0.999932 3.48119e-05  3.31824e-05
0.0017 0.999928 3.51446e-05  3.68507e-05
0.0018 0.999924 3.54131e-05  4.05827e-05
0.0019 0.99992 3.56293e-05  4.43666e-05
0.002 0.999916 3.58031e-05  4.81923e-05
0.0021 0.999912 3.59426e-05  5.2052e-05
0.0022 0.999908 3.60544e-05  5.59388e-05
0.0023 0.999904 3.6144e-05  5.98477e-05
0.0024 0.9999 3.62157e-05  6.37741e-05
0.0025 0.999896 3.62729e-05  6.77146e-05
0.0026 0.999892 3.63186e-05  7.16664e-05
0.0027 0.999888 3.6355e-05  7.56272e-05
0.0028 0.999884 3.6384e-05  7.95952e-05
0.0029 0.99988 3.64071e-05  8.35689e-05
0.003 0.999876 3.64254e-05  8.75472e-05
0.0031 0.999872 3.64399e-05  9.15291e-05
0.0032 0.999868 3.64513e-05  9.55138e-05
0.0033 0.999864 3.64603e-05  9.95008e-05
0.0034 0.99986 3.64674e-05  0.00010349
0.0035 0.999856 3.64728e-05  0.00010748
0.0036 0.999852 3.64771e-05  0.000111471
0.0037 0.999848 3.64803e-05  0.000115463
0.0038 0.999844 3.64828e-05  0.000119456
0.0039 0.99984 3.64846e-05  0.000123449
0.004 0.999836 3.64859e-05  0.000127442
0.0041 0.999832 3.64868e-05  0.000131436
0.0042 0.999828 3.64873e-05  0.00013543
0.0043 0.999824 3.64876e-05  0.000139424
0.0044 0.99982 3.64877e-05  0.000143418
0.0045 0.999816 3.64876e-05  0.000147412
0.0046 0.999812 3.64874e-05  0.000151406
0.0047 0.999808 3.64871e-05  0.0001554
0.0048 0.999804 3.64867e-05  0.000159394
0.0049 0.9998 3.64863e-05  0.000163388
0.005 0.999796 3.64857e-05  0.000167381
0.0051 0.999792 3.64852e-05  0.000171375
0.0052 0.999788 3.64846e-05  0.000175368
0.0053 0.999784 3.64839e-05  0.000179362
0.0054 0.99978 3.64833e-05  0.000183355
0.0055 0.999776 3.64826e-05  0.000187348
0.0056 0.999772 3.64819e-05  0.000191341
0.0057 0.999768 3.64813e-05  0.000195334
0.0058 0.999764 3.64806e-05  0.000199326
0.0059 0.99976 3.64798e-05  0.000203319
0.006 0.999756 3.64791e-05  0.000207311
0.0061 0.999752 3.64784e-05  0.000211303
0.0062 0.999748 3.64777e-05  0.000215295
0.0063 0.999744 3.6477e-05  0.000219287
0.0064 0.99974 3.64762e-05  0.000223278
0.0065 0.999736 3.64755e-05  0.00022727
0.0066 0.999732 3.64748e-05  0.000231261
0.0067 0.999728 3.6474e-05  0.000235252
0.0068 0.999724 3.64733e-05  0.000239243
0.0069 0.99972 3.64726e-05  0.000243234
0.007 0.999716 3.64718e-05  0.000247225
0.0071 0.999712 3.64711e-05  0.000251215
0.0072 0.999708 3.64704e-05  0.000255205
0.0073 0.999704 3.64696e-05  0.000259196
0.0074 0.9997 3.64689e-05  0.000263186
0.0075 0.999696 3.64682e-05  0.000267176
0.0076 0.999692 3.64674e-05  0.000271165
0.0077 0.999688 3.64667e-05  0.000275155
0.0078 0.999684 3.64659e-05  0.000279144
0.0079 0.99968 3.64652e-05  0.000283133
0.008 0.999676 3.64645e-05  0.000287122
0.0081 0.999672 3.64637e-05  0.000291111
0.0082 0.999668 3.6463e-05  0.0002951
0.0083 0.999664 3.64623e-05  0.000299089
0.0084 0.99966 3.64615e-05  0.000303077
0.0085 0.999656 3.64608e-05  0.000307065
0.0086 0.999653 3.646e-05  0.000311053
0.0087 0.999649 3.64593e-05  0.000315041
0.0088 0.999645 3.64586e-05  0.000319029
0.0089 0.999641 3.64578e-05  0.000323017
0.009 0.999637 3.64571e-05  0.000327004
0.0091 0.999633 3.64564e-05  0.000330991
0.0092 0.999629 3.64556e-05  0.000334978
0.0093 0.999625 3.64549e-05  0.000338965
0.0094 0.999621 3.64542e-05  0.000342952
0.0095 0.999617 3.64534e-05  0.000346939
0.0096 0.999613 3.64527e-05  0.000350925
0.0097 0.999609 3.64519e-05  0.000354912
0.0098 0.999605 3.64512e-05  0.000358898
0.0099 0.999601 3.64505e-05  0.000362884
